0000000001
0000000011
0000000101
0000000111
0000001001
0000001011
0000001101
0000001111
0000010001
0000010011
0000010101
0000010111
0000011001
0000011011
0000011101
0000011111
0000100011
0000100101
0000100111
0000101001
0000101011
0000101101
0000101111
0000110001
0000110011
0000110101
0000110111
0000111001
0000111011
0000111101
0000111111
0001000011
0001000101
0001000111
0001001001
0001001011
0001001101
0001001111
0001010011
0001010101
0001010111
0001011001
0001011011
0001011101
0001011111
0001100101
0001100111
0001101001
0001101011
0001101101
0001101111
0001110011
0001110101
0001110111
0001111001
0001111011
0001111101
0001111111
0010000011
0010000101
0010000111
0010001011
0010001101
0010001111
0010010011
0010010101
0010010111
0010011011
0010011101
0010011111
0010100011
0010100111
0010101011
0010101101
0010101111
0010110011
0010110101
0010110111
0010111011
0010111101
0010111111
0011000101
0011000111
0011001011
0011001101
0011001111
0011010101
0011010111
0011011011
0011011101
0011011111
0011100101
0011101011
0011101101
0011101111
0011110101
0011110111
0011111011
0011111101
0011111111
0100000011
0100000111
0100001011
0100001111
0100010011
0100010111
0100011011
0100011111
0100100011
0100100111
0100101011
0100101111
0100110011
0100110111
0100111011
0100111111
0101000011
0101000111
0101001011
0101001111
0101010011
0101010111
0101011011
0101011111
0101100011
0101100111
0101101111
0101110011
0101110111
0101111011
0101111111
0110000111
0110001111
0110010111
0110011111
0110100111
0110101111
0110110111
0110111111
0111001111
0111011111
0111111111
1000000000
1000100000
1000110000
1001000000
1001001000
1001010000
1001011000
1001100000
1001101000
1001110000
1001111000
1010000000
1010000100
1010001000
1010001100
1010010000
1010011000
1010011100
1010100000
1010100100
1010101000
1010101100
1010110000
1010110100
1010111000
1010111100
1011000000
1011000100
1011001000
1011001100
1011010000
1011010100
1011011000
1011011100
1011100000
1011100100
1011101000
1011101100
1011110000
1011110100
1011111000
1011111100
1100000000
1100000010
1100000100
1100001000
1100001010
1100010000
1100010010
1100010100
1100011010
1100100000
1100100010
1100100100
1100101000
1100101010
1100110000
1100110010
1100110100
1100111000
1100111010
1101000000
1101000010
1101000100
1101001000
1101001010
1101001100
1101010000
1101010010
1101010100
1101011000
1101011100
1101100000
1101100010
1101100100
1101101000
1101101010
1101101100
1101110000
1101110010
1101110100
1101111000
1101111010
1101111100
1110000000
1110000010
1110000100
1110000110
1110001000
1110001010
1110001100
1110010000
1110010010
1110010100
1110010110
1110011000
1110011010
1110100000
1110100010
1110100100
1110100110
1110101000
1110101010
1110101100
1110110000
1110110010
1110110100
1110110110
1110111000
1110111010
1110111100
1111000000
1111000010
1111000100
1111000110
1111001000
1111001010
1111001100
1111001110
1111010000
1111010010
1111010100
1111010110
1111011000
1111011010
1111011100
1111100000
1111100010
1111100100
1111100110
1111101000
1111101010
1111101100
1111101110
1111110000
1111110010
1111110100
1111110110
1111111000
1111111010
1111111100
1111111110
