00000000001
00000000011
00000000101
00000000111
00000001001
00000001011
00000001101
00000001111
00000010001
00000010011
00000010101
00000010111
00000011001
00000011011
00000011101
00000011111
00000100001
00000100011
00000100101
00000100111
00000101001
00000101011
00000101101
00000101111
00000110001
00000110011
00000110101
00000110111
00000111001
00000111011
00000111101
00000111111
00001000011
00001000101
00001000111
00001001001
00001001011
00001001101
00001001111
00001010001
00001010011
00001010101
00001010111
00001011001
00001011011
00001011101
00001011111
00001100011
00001100101
00001100111
00001101001
00001101011
00001101101
00001101111
00001110001
00001110011
00001110101
00001110111
00001111001
00001111011
00001111101
00001111111
00010000011
00010000101
00010000111
00010001001
00010001011
00010001101
00010001111
00010010011
00010010101
00010010111
00010011001
00010011011
00010011101
00010011111
00010100011
00010100101
00010100111
00010101001
00010101011
00010101101
00010101111
00010110011
00010110101
00010110111
00010111001
00010111011
00010111101
00010111111
00011000101
00011000111
00011001001
00011001011
00011001101
00011001111
00011010011
00011010101
00011010111
00011011001
00011011011
00011011101
00011011111
00011100101
00011100111
00011101001
00011101011
00011101101
00011101111
00011110011
00011110101
00011110111
00011111001
00011111011
00011111101
00011111111
00100000011
00100000101
00100000111
00100001011
00100001101
00100001111
00100010011
00100010101
00100010111
00100011011
00100011101
00100011111
00100100011
00100100101
00100100111
00100101011
00100101101
00100101111
00100110011
00100110101
00100110111
00100111011
00100111101
00100111111
00101000011
00101000111
00101001011
00101001101
00101001111
00101010011
00101010101
00101010111
00101011011
00101011101
00101011111
00101100011
00101100111
00101101011
00101101101
00101101111
00101110011
00101110101
00101110111
00101111011
00101111101
00101111111
00110000101
00110000111
00110001011
00110001101
00110001111
00110010101
00110010111
00110011011
00110011101
00110011111
00110100101
00110100111
00110101011
00110101101
00110101111
00110110101
00110110111
00110111011
00110111101
00110111111
00111000101
00111001011
00111001101
00111001111
00111010101
00111010111
00111011011
00111011101
00111011111
00111100101
00111101011
00111101101
00111101111
00111110101
00111110111
00111111011
00111111101
00111111111
01000000011
01000000111
01000001011
01000001111
01000010011
01000010111
01000011011
01000011111
01000100011
01000100111
01000101011
01000101111
01000110011
01000110111
01000111011
01000111111
01001000011
01001000111
01001001011
01001001111
01001010011
01001010111
01001011011
01001011111
01001100011
01001100111
01001101011
01001101111
01001110011
01001110111
01001111011
01001111111
01010000011
01010000111
01010001011
01010001111
01010010011
01010010111
01010011011
01010011111
01010100011
01010100111
01010101011
01010101111
01010110011
01010110111
01010111011
01010111111
01011000011
01011000111
01011001111
01011010011
01011010111
01011011011
01011011111
01011100011
01011100111
01011101111
01011110011
01011110111
01011111011
01011111111
01100000111
01100001111
01100010111
01100011111
01100100111
01100101111
01100110111
01100111111
01101000111
01101001111
01101010111
01101011111
01101100111
01101101111
01101110111
01101111111
01110001111
01110011111
01110101111
01110111111
01111011111
01111111111
10000000000
10000100000
10001000000
10001010000
10001100000
10001110000
10010000000
10010001000
10010010000
10010011000
10010100000
10010101000
10010110000
10010111000
10011000000
10011001000
10011010000
10011011000
10011100000
10011101000
10011110000
10011111000
10100000000
10100000100
10100001000
10100001100
10100010000
10100011000
10100011100
10100100000
10100100100
10100101000
10100101100
10100110000
10100111000
10100111100
10101000000
10101000100
10101001000
10101001100
10101010000
10101010100
10101011000
10101011100
10101100000
10101100100
10101101000
10101101100
10101110000
10101110100
10101111000
10101111100
10110000000
10110000100
10110001000
10110001100
10110010000
10110010100
10110011000
10110011100
10110100000
10110100100
10110101000
10110101100
10110110000
10110110100
10110111000
10110111100
10111000000
10111000100
10111001000
10111001100
10111010000
10111010100
10111011000
10111011100
10111100000
10111100100
10111101000
10111101100
10111110000
10111110100
10111111000
10111111100
11000000000
11000000010
11000000100
11000001000
11000001010
11000010000
11000010010
11000010100
11000011010
11000100000
11000100010
11000100100
11000101000
11000101010
11000110000
11000110010
11000110100
11000111010
11001000000
11001000010
11001000100
11001001000
11001001010
11001010000
11001010010
11001010100
11001011000
11001011010
11001100000
11001100010
11001100100
11001101000
11001101010
11001110000
11001110010
11001110100
11001111000
11001111010
11010000000
11010000010
11010000100
11010001000
11010001010
11010001100
11010010000
11010010010
11010010100
11010011000
11010011100
11010100000
11010100010
11010100100
11010101000
11010101010
11010101100
11010110000
11010110010
11010110100
11010111000
11010111100
11011000000
11011000010
11011000100
11011001000
11011001010
11011001100
11011010000
11011010010
11011010100
11011011000
11011011010
11011011100
11011100000
11011100010
11011100100
11011101000
11011101010
11011101100
11011110000
11011110010
11011110100
11011111000
11011111010
11011111100
11100000000
11100000010
11100000100
11100000110
11100001000
11100001010
11100001100
11100010000
11100010010
11100010100
11100010110
11100011000
11100011010
11100100000
11100100010
11100100100
11100100110
11100101000
11100101010
11100101100
11100110000
11100110010
11100110100
11100110110
11100111000
11100111010
11101000000
11101000010
11101000100
11101000110
11101001000
11101001010
11101001100
11101010000
11101010010
11101010100
11101010110
11101011000
11101011010
11101011100
11101100000
11101100010
11101100100
11101100110
11101101000
11101101010
11101101100
11101110000
11101110010
11101110100
11101110110
11101111000
11101111010
11101111100
11110000000
11110000010
11110000100
11110000110
11110001000
11110001010
11110001100
11110001110
11110010000
11110010010
11110010100
11110010110
11110011000
11110011010
11110011100
11110100000
11110100010
11110100100
11110100110
11110101000
11110101010
11110101100
11110101110
11110110000
11110110010
11110110100
11110110110
11110111000
11110111010
11110111100
11111000000
11111000010
11111000100
11111000110
11111001000
11111001010
11111001100
11111001110
11111010000
11111010010
11111010100
11111010110
11111011000
11111011010
11111011100
11111011110
11111100000
11111100010
11111100100
11111100110
11111101000
11111101010
11111101100
11111101110
11111110000
11111110010
11111110100
11111110110
11111111000
11111111010
11111111100
11111111110
