000000000001
000000000011
000000000101
000000000111
000000001001
000000001011
000000001101
000000001111
000000010001
000000010011
000000010101
000000010111
000000011001
000000011011
000000011101
000000011111
000000100001
000000100011
000000100101
000000100111
000000101001
000000101011
000000101101
000000101111
000000110001
000000110011
000000110101
000000110111
000000111001
000000111011
000000111101
000000111111
000001000011
000001000101
000001000111
000001001001
000001001011
000001001101
000001001111
000001010001
000001010011
000001010101
000001010111
000001011001
000001011011
000001011101
000001011111
000001100001
000001100011
000001100101
000001100111
000001101001
000001101011
000001101101
000001101111
000001110001
000001110011
000001110101
000001110111
000001111001
000001111011
000001111101
000001111111
000010000011
000010000101
000010000111
000010001001
000010001011
000010001101
000010001111
000010010001
000010010011
000010010101
000010010111
000010011001
000010011011
000010011101
000010011111
000010100011
000010100101
000010100111
000010101001
000010101011
000010101101
000010101111
000010110001
000010110011
000010110101
000010110111
000010111001
000010111011
000010111101
000010111111
000011000101
000011000111
000011001001
000011001011
000011001101
000011001111
000011010001
000011010011
000011010101
000011010111
000011011001
000011011011
000011011101
000011011111
000011100011
000011100101
000011100111
000011101001
000011101011
000011101101
000011101111
000011110001
000011110011
000011110101
000011110111
000011111001
000011111011
000011111101
000011111111
000100000011
000100000101
000100000111
000100001001
000100001011
000100001101
000100001111
000100010011
000100010101
000100010111
000100011001
000100011011
000100011101
000100011111
000100100011
000100100101
000100100111
000100101001
000100101011
000100101101
000100101111
000100110011
000100110101
000100110111
000100111001
000100111011
000100111101
000100111111
000101000011
000101000111
000101001001
000101001011
000101001101
000101001111
000101010011
000101010101
000101010111
000101011001
000101011011
000101011101
000101011111
000101100011
000101100101
000101100111
000101101001
000101101011
000101101101
000101101111
000101110011
000101110101
000101110111
000101111001
000101111011
000101111101
000101111111
000110000101
000110000111
000110001001
000110001011
000110001101
000110001111
000110010011
000110010101
000110010111
000110011001
000110011011
000110011101
000110011111
000110100101
000110100111
000110101001
000110101011
000110101101
000110101111
000110110011
000110110101
000110110111
000110111001
000110111011
000110111101
000110111111
000111000101
000111001001
000111001011
000111001101
000111001111
000111010011
000111010101
000111010111
000111011001
000111011011
000111011101
000111011111
000111100101
000111100111
000111101001
000111101011
000111101101
000111101111
000111110011
000111110101
000111110111
000111111001
000111111011
000111111101
000111111111
001000000011
001000000101
001000000111
001000001011
001000001101
001000001111
001000010011
001000010101
001000010111
001000011011
001000011101
001000011111
001000100011
001000100101
001000100111
001000101011
001000101101
001000101111
001000110011
001000110101
001000110111
001000111011
001000111101
001000111111
001001000011
001001000101
001001000111
001001001011
001001001101
001001001111
001001010011
001001010101
001001010111
001001011011
001001011101
001001011111
001001100011
001001100101
001001100111
001001101011
001001101101
001001101111
001001110011
001001110101
001001110111
001001111011
001001111101
001001111111
001010000011
001010000111
001010001011
001010001101
001010001111
001010010011
001010010101
001010010111
001010011011
001010011101
001010011111
001010100011
001010100111
001010101011
001010101101
001010101111
001010110011
001010110101
001010110111
001010111011
001010111101
001010111111
001011000011
001011000111
001011001101
001011001111
001011010011
001011010101
001011010111
001011011011
001011011101
001011011111
001011100011
001011100111
001011101011
001011101101
001011101111
001011110011
001011110101
001011110111
001011111011
001011111101
001011111111
001100000101
001100000111
001100001011
001100001101
001100001111
001100010101
001100010111
001100011011
001100011101
001100011111
001100100101
001100100111
001100101011
001100101101
001100101111
001100110101
001100110111
001100111011
001100111101
001100111111
001101000101
001101000111
001101001011
001101001111
001101010101
001101010111
001101011011
001101011101
001101011111
001101100101
001101100111
001101101011
001101101101
001101101111
001101110101
001101110111
001101111011
001101111101
001101111111
001110000101
001110001011
001110001101
001110001111
001110010101
001110010111
001110011011
001110011101
001110011111
001110100101
001110101011
001110101101
001110101111
001110110101
001110110111
001110111011
001110111101
001110111111
001111000101
001111001011
001111001101
001111010101
001111010111
001111011011
001111011101
001111011111
001111100101
001111101011
001111101101
001111101111
001111110101
001111110111
001111111011
001111111101
001111111111
010000000011
010000000111
010000001011
010000001111
010000010011
010000010111
010000011011
010000011111
010000100011
010000100111
010000101011
010000101111
010000110011
010000110111
010000111011
010000111111
010001000011
010001000111
010001001011
010001001111
010001010011
010001010111
010001011011
010001011111
010001100011
010001100111
010001101011
010001101111
010001110011
010001110111
010001111011
010001111111
010010000011
010010000111
010010001011
010010001111
010010010011
010010010111
010010011011
010010011111
010010100011
010010100111
010010101011
010010101111
010010110011
010010110111
010010111011
010010111111
010011000011
010011000111
010011001011
010011001111
010011010111
010011011011
010011011111
010011100011
010011100111
010011101011
010011101111
010011110011
010011110111
010011111011
010011111111
010100000011
010100000111
010100001011
010100001111
010100010011
010100010111
010100011011
010100011111
010100100011
010100100111
010100101011
010100101111
010100110011
010100110111
010100111011
010100111111
010101000011
010101000111
010101001011
010101001111
010101010011
010101010111
010101011011
010101011111
010101100011
010101100111
010101101011
010101101111
010101110011
010101110111
010101111011
010101111111
010110000011
010110000111
010110001111
010110010011
010110010111
010110011011
010110011111
010110100011
010110100111
010110101111
010110110011
010110110111
010110111011
010110111111
010111000011
010111000111
010111001111
010111010011
010111011011
010111011111
010111100011
010111100111
010111101111
010111110011
010111110111
010111111011
010111111111
011000000111
011000001111
011000010111
011000011111
011000100111
011000101111
011000110111
011000111111
011001000111
011001001111
011001010111
011001011111
011001100111
011001101111
011001110111
011001111111
011010000111
011010001111
011010010111
011010011111
011010100111
011010101111
011010110111
011010111111
011011000111
011011001111
011011010111
011011011111
011011100111
011011101111
011011110111
011011111111
011100001111
011100011111
011100101111
011100111111
011101001111
011101011111
011101101111
011101111111
011110011111
011110111111
011111111111
100000000000
100001000000
100001100000
100010000000
100010010000
100010100000
100010110000
100011000000
100011010000
100011100000
100011110000
100100000000
100100001000
100100010000
100100011000
100100100000
100100101000
100100110000
100100111000
100101000000
100101001000
100101010000
100101011000
100101100000
100101101000
100101110000
100101111000
100110000000
100110001000
100110010000
100110011000
100110100000
100110101000
100110110000
100110111000
100111000000
100111001000
100111010000
100111011000
100111100000
100111101000
100111110000
100111111000
101000000000
101000000100
101000001000
101000001100
101000010000
101000011000
101000011100
101000100000
101000100100
101000101100
101000110000
101000111000
101000111100
101001000000
101001000100
101001001000
101001001100
101001010000
101001011000
101001011100
101001100000
101001100100
101001101000
101001101100
101001110000
101001111000
101001111100
101010000000
101010000100
101010001000
101010001100
101010010000
101010010100
101010011000
101010011100
101010100000
101010100100
101010101000
101010101100
101010110000
101010110100
101010111000
101010111100
101011000000
101011000100
101011001000
101011001100
101011010000
101011010100
101011011000
101011011100
101011100000
101011100100
101011101000
101011101100
101011110000
101011110100
101011111000
101011111100
101100000000
101100000100
101100001000
101100001100
101100010000
101100010100
101100011000
101100011100
101100100000
101100100100
101100101000
101100110000
101100110100
101100111000
101100111100
101101000000
101101000100
101101001000
101101001100
101101010000
101101010100
101101011000
101101011100
101101100000
101101100100
101101101000
101101101100
101101110000
101101110100
101101111000
101101111100
101110000000
101110000100
101110001000
101110001100
101110010000
101110010100
101110011000
101110011100
101110100000
101110100100
101110101000
101110101100
101110110000
101110110100
101110111000
101110111100
101111000000
101111000100
101111001000
101111001100
101111010000
101111010100
101111011000
101111011100
101111100000
101111100100
101111101000
101111101100
101111110000
101111110100
101111111000
101111111100
110000000000
110000000010
110000000100
110000001000
110000001010
110000010000
110000010010
110000010100
110000011010
110000100000
110000100010
110000100100
110000101000
110000101010
110000110010
110000110100
110000111010
110001000000
110001000010
110001000100
110001001000
110001001010
110001010000
110001010010
110001010100
110001011010
110001100000
110001100010
110001100100
110001101000
110001101010
110001110000
110001110010
110001110100
110001111010
110010000000
110010000010
110010000100
110010001000
110010001010
110010010000
110010010010
110010010100
110010011000
110010011010
110010100000
110010100010
110010100100
110010101000
110010101010
110010110000
110010110100
110010111000
110010111010
110011000000
110011000010
110011000100
110011001000
110011001010
110011010000
110011010010
110011010100
110011011000
110011011010
110011100000
110011100010
110011100100
110011101000
110011101010
110011110000
110011110010
110011110100
110011111000
110011111010
110100000000
110100000010
110100000100
110100001000
110100001010
110100001100
110100010000
110100010010
110100010100
110100011000
110100011100
110100100000
110100100010
110100100100
110100101000
110100101010
110100101100
110100110000
110100110010
110100111000
110100111100
110101000000
110101000010
110101000100
110101001000
110101001010
110101001100
110101010000
110101010010
110101010100
110101011000
110101011100
110101100000
110101100010
110101100100
110101101000
110101101010
110101101100
110101110000
110101110010
110101110100
110101111000
110101111100
110110000000
110110000010
110110000100
110110001000
110110001010
110110001100
110110010000
110110010010
110110010100
110110011000
110110011010
110110011100
110110100000
110110100010
110110100100
110110101000
110110101010
110110101100
110110110000
110110110010
110110110100
110110111000
110110111010
110110111100
110111000000
110111000010
110111000100
110111001000
110111001010
110111001100
110111010000
110111010010
110111010100
110111011000
110111011010
110111011100
110111100000
110111100010
110111100100
110111101000
110111101010
110111101100
110111110000
110111110010
110111110100
110111111000
110111111010
110111111100
111000000000
111000000010
111000000100
111000000110
111000001000
111000001010
111000001100
111000010000
111000010010
111000010100
111000010110
111000011000
111000011010
111000100000
111000100010
111000100100
111000100110
111000101000
111000101010
111000101100
111000110000
111000110010
111000110100
111000110110
111000111010
111001000000
111001000010
111001000100
111001000110
111001001000
111001001010
111001001100
111001010000
111001010010
111001010100
111001010110
111001011000
111001011010
111001100000
111001100010
111001100100
111001100110
111001101000
111001101010
111001101100
111001110000
111001110010
111001110100
111001110110
111001111000
111001111010
111010000000
111010000010
111010000100
111010000110
111010001000
111010001010
111010001100
111010010000
111010010010
111010010100
111010010110
111010011000
111010011010
111010011100
111010100000
111010100010
111010100100
111010100110
111010101000
111010101010
111010101100
111010110000
111010110010
111010110100
111010110110
111010111000
111010111100
111011000000
111011000010
111011000100
111011000110
111011001000
111011001010
111011001100
111011010000
111011010010
111011010100
111011010110
111011011000
111011011010
111011011100
111011100000
111011100010
111011100100
111011100110
111011101000
111011101010
111011101100
111011110000
111011110010
111011110100
111011110110
111011111000
111011111010
111011111100
111100000000
111100000010
111100000100
111100000110
111100001000
111100001010
111100001100
111100001110
111100010000
111100010010
111100010100
111100010110
111100011000
111100011010
111100011100
111100100000
111100100010
111100100100
111100100110
111100101000
111100101010
111100101100
111100101110
111100110000
111100110010
111100110100
111100110110
111100111000
111100111010
111101000000
111101000010
111101000100
111101000110
111101001000
111101001010
111101001100
111101001110
111101010000
111101010010
111101010100
111101010110
111101011000
111101011010
111101011100
111101100000
111101100010
111101100100
111101100110
111101101000
111101101010
111101101100
111101101110
111101110000
111101110010
111101110100
111101110110
111101111000
111101111010
111101111100
111110000000
111110000010
111110000100
111110000110
111110001000
111110001010
111110001100
111110001110
111110010000
111110010010
111110010100
111110010110
111110011000
111110011010
111110011100
111110011110
111110100000
111110100010
111110100100
111110100110
111110101000
111110101010
111110101100
111110101110
111110110000
111110110010
111110110100
111110110110
111110111000
111110111010
111110111100
111111000000
111111000010
111111000100
111111000110
111111001000
111111001010
111111001100
111111001110
111111010000
111111010010
111111010100
111111010110
111111011000
111111011010
111111011100
111111011110
111111100000
111111100010
111111100100
111111100110
111111101000
111111101010
111111101100
111111101110
111111110000
111111110010
111111110100
111111110110
111111111000
111111111010
111111111100
111111111110
