00000001
00000011
00000101
00000111
00001001
00001011
00001101
00001111
00010011
00010101
00010111
00011001
00011011
00011101
00011111
00100011
00100101
00100111
00101011
00101101
00101111
00110101
00110111
00111011
00111101
00111111
01000011
01000111
01001011
01001111
01010011
01010111
01011011
01011111
01100111
01101111
01111111
10000000
10010000
10011000
10100000
10100100
10101000
10101100
10110000
10110100
10111000
10111100
11000000
11000010
11000100
11001000
11001010
11010000
11010010
11010100
11011000
11011010
11011100
11100000
11100010
11100100
11100110
11101000
11101010
11101100
11110000
11110010
11110100
11110110
11111000
11111010
11111100
11111110
