0000000000001
0000000000011
0000000000101
0000000000111
0000000001001
0000000001011
0000000001101
0000000001111
0000000010001
0000000010011
0000000010101
0000000010111
0000000011001
0000000011011
0000000011101
0000000011111
0000000100001
0000000100011
0000000100101
0000000100111
0000000101001
0000000101011
0000000101101
0000000101111
0000000110001
0000000110011
0000000110101
0000000110111
0000000111001
0000000111011
0000000111101
0000000111111
0000001000001
0000001000011
0000001000101
0000001000111
0000001001001
0000001001011
0000001001101
0000001001111
0000001010001
0000001010011
0000001010101
0000001010111
0000001011001
0000001011011
0000001011101
0000001011111
0000001100001
0000001100011
0000001100101
0000001100111
0000001101001
0000001101011
0000001101101
0000001101111
0000001110001
0000001110011
0000001110101
0000001110111
0000001111001
0000001111011
0000001111101
0000001111111
0000010000011
0000010000101
0000010000111
0000010001001
0000010001011
0000010001101
0000010001111
0000010010001
0000010010011
0000010010101
0000010010111
0000010011001
0000010011011
0000010011101
0000010011111
0000010100001
0000010100011
0000010100101
0000010100111
0000010101001
0000010101011
0000010101101
0000010101111
0000010110001
0000010110011
0000010110101
0000010110111
0000010111001
0000010111011
0000010111101
0000010111111
0000011000011
0000011000101
0000011000111
0000011001001
0000011001011
0000011001101
0000011001111
0000011010001
0000011010011
0000011010101
0000011010111
0000011011001
0000011011011
0000011011101
0000011011111
0000011100001
0000011100011
0000011100101
0000011100111
0000011101001
0000011101011
0000011101101
0000011101111
0000011110001
0000011110011
0000011110101
0000011110111
0000011111001
0000011111011
0000011111101
0000011111111
0000100000011
0000100000101
0000100000111
0000100001001
0000100001011
0000100001101
0000100001111
0000100010001
0000100010011
0000100010101
0000100010111
0000100011001
0000100011011
0000100011101
0000100011111
0000100100011
0000100100101
0000100100111
0000100101001
0000100101011
0000100101101
0000100101111
0000100110001
0000100110011
0000100110101
0000100110111
0000100111001
0000100111011
0000100111101
0000100111111
0000101000011
0000101000101
0000101000111
0000101001001
0000101001011
0000101001101
0000101001111
0000101010001
0000101010011
0000101010101
0000101010111
0000101011001
0000101011011
0000101011101
0000101011111
0000101100011
0000101100101
0000101100111
0000101101001
0000101101011
0000101101101
0000101101111
0000101110001
0000101110011
0000101110101
0000101110111
0000101111001
0000101111011
0000101111101
0000101111111
0000110000101
0000110000111
0000110001001
0000110001011
0000110001101
0000110001111
0000110010001
0000110010011
0000110010101
0000110010111
0000110011001
0000110011011
0000110011101
0000110011111
0000110100011
0000110100101
0000110100111
0000110101001
0000110101011
0000110101101
0000110101111
0000110110001
0000110110011
0000110110101
0000110110111
0000110111001
0000110111011
0000110111101
0000110111111
0000111000101
0000111000111
0000111001001
0000111001011
0000111001101
0000111001111
0000111010001
0000111010011
0000111010101
0000111010111
0000111011001
0000111011011
0000111011101
0000111011111
0000111100011
0000111100101
0000111100111
0000111101001
0000111101011
0000111101101
0000111101111
0000111110001
0000111110011
0000111110101
0000111110111
0000111111001
0000111111011
0000111111101
0000111111111
0001000000011
0001000000101
0001000000111
0001000001001
0001000001011
0001000001101
0001000001111
0001000010011
0001000010101
0001000010111
0001000011001
0001000011011
0001000011101
0001000011111
0001000100011
0001000100101
0001000100111
0001000101001
0001000101011
0001000101101
0001000101111
0001000110011
0001000110101
0001000110111
0001000111001
0001000111011
0001000111101
0001000111111
0001001000011
0001001000101
0001001000111
0001001001001
0001001001011
0001001001101
0001001001111
0001001010011
0001001010101
0001001010111
0001001011001
0001001011011
0001001011101
0001001011111
0001001100011
0001001100101
0001001100111
0001001101001
0001001101011
0001001101101
0001001101111
0001001110011
0001001110101
0001001110111
0001001111001
0001001111011
0001001111101
0001001111111
0001010000011
0001010000111
0001010001001
0001010001011
0001010001101
0001010001111
0001010010011
0001010010101
0001010010111
0001010011001
0001010011011
0001010011101
0001010011111
0001010100011
0001010100101
0001010100111
0001010101001
0001010101011
0001010101101
0001010101111
0001010110011
0001010110101
0001010110111
0001010111001
0001010111011
0001010111101
0001010111111
0001011000011
0001011000111
0001011001001
0001011001011
0001011001101
0001011001111
0001011010011
0001011010101
0001011010111
0001011011001
0001011011011
0001011011101
0001011011111
0001011100011
0001011100101
0001011100111
0001011101001
0001011101011
0001011101101
0001011101111
0001011110011
0001011110101
0001011110111
0001011111001
0001011111011
0001011111101
0001011111111
0001100000101
0001100000111
0001100001001
0001100001011
0001100001101
0001100001111
0001100010011
0001100010101
0001100010111
0001100011001
0001100011011
0001100011101
0001100011111
0001100100101
0001100100111
0001100101001
0001100101011
0001100101101
0001100101111
0001100110011
0001100110101
0001100110111
0001100111001
0001100111011
0001100111101
0001100111111
0001101000101
0001101000111
0001101001001
0001101001011
0001101001101
0001101001111
0001101010011
0001101010101
0001101010111
0001101011001
0001101011011
0001101011101
0001101011111
0001101100101
0001101100111
0001101101001
0001101101011
0001101101101
0001101101111
0001101110011
0001101110101
0001101110111
0001101111001
0001101111011
0001101111101
0001101111111
0001110000101
0001110001001
0001110001011
0001110001101
0001110001111
0001110010011
0001110010101
0001110010111
0001110011001
0001110011011
0001110011101
0001110011111
0001110100101
0001110100111
0001110101001
0001110101011
0001110101101
0001110101111
0001110110011
0001110110101
0001110110111
0001110111001
0001110111011
0001110111101
0001110111111
0001111000101
0001111001001
0001111001011
0001111001101
0001111001111
0001111010011
0001111010101
0001111010111
0001111011001
0001111011011
0001111011101
0001111011111
0001111100101
0001111100111
0001111101001
0001111101011
0001111101101
0001111101111
0001111110011
0001111110101
0001111110111
0001111111001
0001111111011
0001111111101
0001111111111
0010000000011
0010000000101
0010000000111
0010000001011
0010000001101
0010000001111
0010000010011
0010000010101
0010000010111
0010000011011
0010000011101
0010000011111
0010000100011
0010000100101
0010000100111
0010000101011
0010000101101
0010000101111
0010000110011
0010000110101
0010000110111
0010000111011
0010000111101
0010000111111
0010001000011
0010001000101
0010001000111
0010001001011
0010001001101
0010001001111
0010001010011
0010001010101
0010001010111
0010001011011
0010001011101
0010001011111
0010001100011
0010001100101
0010001100111
0010001101011
0010001101101
0010001101111
0010001110011
0010001110101
0010001110111
0010001111011
0010001111101
0010001111111
0010010000011
0010010000101
0010010000111
0010010001011
0010010001101
0010010001111
0010010010011
0010010010101
0010010010111
0010010011011
0010010011101
0010010011111
0010010100011
0010010100101
0010010100111
0010010101011
0010010101101
0010010101111
0010010110011
0010010110101
0010010110111
0010010111011
0010010111101
0010010111111
0010011000011
0010011000101
0010011000111
0010011001011
0010011001101
0010011001111
0010011010011
0010011010101
0010011010111
0010011011011
0010011011101
0010011011111
0010011100011
0010011100101
0010011100111
0010011101011
0010011101101
0010011101111
0010011110011
0010011110101
0010011110111
0010011111011
0010011111101
0010011111111
0010100000011
0010100000111
0010100001011
0010100001101
0010100001111
0010100010011
0010100010101
0010100010111
0010100011011
0010100011101
0010100011111
0010100100011
0010100100111
0010100101011
0010100101101
0010100101111
0010100110011
0010100110101
0010100110111
0010100111011
0010100111101
0010100111111
0010101000011
0010101000111
0010101001011
0010101001101
0010101001111
0010101010011
0010101010101
0010101010111
0010101011011
0010101011101
0010101011111
0010101100011
0010101100111
0010101101011
0010101101101
0010101101111
0010101110011
0010101110101
0010101110111
0010101111011
0010101111101
0010101111111
0010110000011
0010110000111
0010110001101
0010110001111
0010110010011
0010110010101
0010110010111
0010110011011
0010110011101
0010110011111
0010110100011
0010110100111
0010110101011
0010110101101
0010110101111
0010110110011
0010110110101
0010110110111
0010110111011
0010110111101
0010110111111
0010111000011
0010111000111
0010111001101
0010111001111
0010111010011
0010111010101
0010111010111
0010111011011
0010111011101
0010111011111
0010111100011
0010111100111
0010111101011
0010111101101
0010111101111
0010111110011
0010111110101
0010111110111
0010111111011
0010111111101
0010111111111
0011000000101
0011000000111
0011000001011
0011000001101
0011000001111
0011000010101
0011000010111
0011000011011
0011000011101
0011000011111
0011000100101
0011000100111
0011000101011
0011000101101
0011000101111
0011000110101
0011000110111
0011000111011
0011000111101
0011000111111
0011001000101
0011001000111
0011001001011
0011001001101
0011001001111
0011001010101
0011001010111
0011001011011
0011001011101
0011001011111
0011001100101
0011001100111
0011001101011
0011001101101
0011001101111
0011001110101
0011001110111
0011001111011
0011001111101
0011001111111
0011010000101
0011010000111
0011010001011
0011010001111
0011010010101
0011010010111
0011010011011
0011010011101
0011010011111
0011010100101
0011010100111
0011010101011
0011010101101
0011010101111
0011010110101
0011010110111
0011010111011
0011010111101
0011010111111
0011011000101
0011011000111
0011011001011
0011011001111
0011011010101
0011011010111
0011011011011
0011011011101
0011011011111
0011011100101
0011011100111
0011011101011
0011011101101
0011011101111
0011011110101
0011011110111
0011011111011
0011011111101
0011011111111
0011100000101
0011100001011
0011100001101
0011100001111
0011100010101
0011100010111
0011100011011
0011100011101
0011100011111
0011100100101
0011100101011
0011100101101
0011100101111
0011100110101
0011100110111
0011100111011
0011100111101
0011100111111
0011101000101
0011101001011
0011101001101
0011101001111
0011101010101
0011101010111
0011101011011
0011101011101
0011101011111
0011101100101
0011101101011
0011101101101
0011101101111
0011101110101
0011101110111
0011101111011
0011101111101
0011101111111
0011110000101
0011110001011
0011110001101
0011110010101
0011110010111
0011110011011
0011110011101
0011110011111
0011110100101
0011110101011
0011110101101
0011110101111
0011110110101
0011110110111
0011110111011
0011110111101
0011110111111
0011111000101
0011111001011
0011111001101
0011111010101
0011111010111
0011111011011
0011111011101
0011111011111
0011111100101
0011111101011
0011111101101
0011111101111
0011111110101
0011111110111
0011111111011
0011111111101
0011111111111
0100000000011
0100000000111
0100000001011
0100000001111
0100000010011
0100000010111
0100000011011
0100000011111
0100000100011
0100000100111
0100000101011
0100000101111
0100000110011
0100000110111
0100000111011
0100000111111
0100001000011
0100001000111
0100001001011
0100001001111
0100001010011
0100001010111
0100001011011
0100001011111
0100001100011
0100001100111
0100001101011
0100001101111
0100001110011
0100001110111
0100001111011
0100001111111
0100010000011
0100010000111
0100010001011
0100010001111
0100010010011
0100010010111
0100010011011
0100010011111
0100010100011
0100010100111
0100010101011
0100010101111
0100010110011
0100010110111
0100010111011
0100010111111
0100011000011
0100011000111
0100011001011
0100011001111
0100011010011
0100011010111
0100011011011
0100011011111
0100011100011
0100011100111
0100011101011
0100011101111
0100011110011
0100011110111
0100011111011
0100011111111
0100100000011
0100100000111
0100100001011
0100100001111
0100100010011
0100100010111
0100100011011
0100100011111
0100100100011
0100100100111
0100100101011
0100100101111
0100100110011
0100100110111
0100100111011
0100100111111
0100101000011
0100101000111
0100101001011
0100101001111
0100101010011
0100101010111
0100101011011
0100101011111
0100101100011
0100101100111
0100101101011
0100101101111
0100101110011
0100101110111
0100101111011
0100101111111
0100110000011
0100110000111
0100110001011
0100110001111
0100110010111
0100110011011
0100110011111
0100110100011
0100110100111
0100110101011
0100110101111
0100110110011
0100110110111
0100110111011
0100110111111
0100111000011
0100111000111
0100111001011
0100111001111
0100111010111
0100111011011
0100111011111
0100111100011
0100111100111
0100111101011
0100111101111
0100111110011
0100111110111
0100111111011
0100111111111
0101000000011
0101000000111
0101000001011
0101000001111
0101000010011
0101000010111
0101000011011
0101000011111
0101000100011
0101000100111
0101000101011
0101000101111
0101000110011
0101000110111
0101000111011
0101000111111
0101001000011
0101001000111
0101001001011
0101001001111
0101001010011
0101001010111
0101001011011
0101001011111
0101001100011
0101001100111
0101001101011
0101001101111
0101001110011
0101001110111
0101001111011
0101001111111
0101010000011
0101010000111
0101010001011
0101010001111
0101010010011
0101010010111
0101010011011
0101010011111
0101010100011
0101010100111
0101010101011
0101010101111
0101010110011
0101010110111
0101010111011
0101010111111
0101011000011
0101011000111
0101011001011
0101011001111
0101011010011
0101011010111
0101011011011
0101011011111
0101011100011
0101011100111
0101011101011
0101011101111
0101011110011
0101011110111
0101011111011
0101011111111
0101100000011
0101100000111
0101100001111
0101100010011
0101100010111
0101100011011
0101100011111
0101100100011
0101100100111
0101100101111
0101100110011
0101100110111
0101100111011
0101100111111
0101101000011
0101101000111
0101101001111
0101101010011
0101101010111
0101101011011
0101101011111
0101101100011
0101101100111
0101101101111
0101101110011
0101101110111
0101101111011
0101101111111
0101110000011
0101110000111
0101110001111
0101110010011
0101110011011
0101110011111
0101110100011
0101110100111
0101110101111
0101110110011
0101110110111
0101110111011
0101110111111
0101111000011
0101111000111
0101111001111
0101111010011
0101111011011
0101111011111
0101111100011
0101111100111
0101111101111
0101111110011
0101111110111
0101111111011
0101111111111
0110000000111
0110000001111
0110000010111
0110000011111
0110000100111
0110000101111
0110000110111
0110000111111
0110001000111
0110001001111
0110001010111
0110001011111
0110001100111
0110001101111
0110001110111
0110001111111
0110010000111
0110010001111
0110010010111
0110010011111
0110010100111
0110010101111
0110010110111
0110010111111
0110011000111
0110011001111
0110011010111
0110011011111
0110011100111
0110011101111
0110011110111
0110011111111
0110100000111
0110100001111
0110100010111
0110100011111
0110100100111
0110100101111
0110100110111
0110100111111
0110101000111
0110101001111
0110101010111
0110101011111
0110101100111
0110101101111
0110101110111
0110101111111
0110110000111
0110110001111
0110110010111
0110110011111
0110110100111
0110110101111
0110110110111
0110110111111
0110111000111
0110111001111
0110111010111
0110111011111
0110111100111
0110111101111
0110111110111
0110111111111
0111000001111
0111000011111
0111000101111
0111000111111
0111001001111
0111001011111
0111001101111
0111001111111
0111010001111
0111010011111
0111010101111
0111010111111
0111011001111
0111011011111
0111011101111
0111011111111
0111100011111
0111100111111
0111101011111
0111101111111
0111110111111
0111111111111
1000000000000
1000001000000
1000010000000
1000010100000
1000011000000
1000011100000
1000100000000
1000100010000
1000100100000
1000100110000
1000101000000
1000101010000
1000101100000
1000101110000
1000110000000
1000110010000
1000110100000
1000110110000
1000111000000
1000111010000
1000111100000
1000111110000
1001000000000
1001000001000
1001000010000
1001000011000
1001000100000
1001000101000
1001000110000
1001000111000
1001001000000
1001001001000
1001001010000
1001001011000
1001001100000
1001001101000
1001001110000
1001001111000
1001010000000
1001010001000
1001010010000
1001010011000
1001010100000
1001010101000
1001010110000
1001010111000
1001011000000
1001011001000
1001011010000
1001011011000
1001011100000
1001011101000
1001011110000
1001011111000
1001100000000
1001100001000
1001100010000
1001100011000
1001100100000
1001100101000
1001100110000
1001100111000
1001101000000
1001101001000
1001101010000
1001101011000
1001101100000
1001101101000
1001101110000
1001101111000
1001110000000
1001110001000
1001110010000
1001110011000
1001110100000
1001110101000
1001110110000
1001110111000
1001111000000
1001111001000
1001111010000
1001111011000
1001111100000
1001111101000
1001111110000
1001111111000
1010000000000
1010000000100
1010000001000
1010000001100
1010000010000
1010000011000
1010000011100
1010000100000
1010000100100
1010000101100
1010000110000
1010000111000
1010000111100
1010001000000
1010001000100
1010001001000
1010001001100
1010001010000
1010001011000
1010001011100
1010001100000
1010001100100
1010001101100
1010001110000
1010001111000
1010001111100
1010010000000
1010010000100
1010010001000
1010010001100
1010010010000
1010010011000
1010010011100
1010010100000
1010010100100
1010010101000
1010010101100
1010010110000
1010010111000
1010010111100
1010011000000
1010011000100
1010011001000
1010011001100
1010011010000
1010011011000
1010011011100
1010011100000
1010011100100
1010011101000
1010011101100
1010011110000
1010011111000
1010011111100
1010100000000
1010100000100
1010100001000
1010100001100
1010100010000
1010100010100
1010100011000
1010100011100
1010100100000
1010100100100
1010100101000
1010100101100
1010100110000
1010100110100
1010100111000
1010100111100
1010101000000
1010101000100
1010101001000
1010101001100
1010101010000
1010101010100
1010101011000
1010101011100
1010101100000
1010101100100
1010101101000
1010101101100
1010101110000
1010101110100
1010101111000
1010101111100
1010110000000
1010110000100
1010110001000
1010110001100
1010110010000
1010110010100
1010110011000
1010110011100
1010110100000
1010110100100
1010110101000
1010110101100
1010110110000
1010110110100
1010110111000
1010110111100
1010111000000
1010111000100
1010111001000
1010111001100
1010111010000
1010111010100
1010111011000
1010111011100
1010111100000
1010111100100
1010111101000
1010111101100
1010111110000
1010111110100
1010111111000
1010111111100
1011000000000
1011000000100
1011000001000
1011000001100
1011000010000
1011000010100
1011000011000
1011000011100
1011000100000
1011000100100
1011000101000
1011000110000
1011000110100
1011000111000
1011000111100
1011001000000
1011001000100
1011001001000
1011001001100
1011001010000
1011001010100
1011001011000
1011001011100
1011001100000
1011001100100
1011001101000
1011001110000
1011001110100
1011001111000
1011001111100
1011010000000
1011010000100
1011010001000
1011010001100
1011010010000
1011010010100
1011010011000
1011010011100
1011010100000
1011010100100
1011010101000
1011010101100
1011010110000
1011010110100
1011010111000
1011010111100
1011011000000
1011011000100
1011011001000
1011011001100
1011011010000
1011011010100
1011011011000
1011011011100
1011011100000
1011011100100
1011011101000
1011011101100
1011011110000
1011011110100
1011011111000
1011011111100
1011100000000
1011100000100
1011100001000
1011100001100
1011100010000
1011100010100
1011100011000
1011100011100
1011100100000
1011100100100
1011100101000
1011100101100
1011100110000
1011100110100
1011100111000
1011100111100
1011101000000
1011101000100
1011101001000
1011101001100
1011101010000
1011101010100
1011101011000
1011101011100
1011101100000
1011101100100
1011101101000
1011101101100
1011101110000
1011101110100
1011101111000
1011101111100
1011110000000
1011110000100
1011110001000
1011110001100
1011110010000
1011110010100
1011110011000
1011110011100
1011110100000
1011110100100
1011110101000
1011110101100
1011110110000
1011110110100
1011110111000
1011110111100
1011111000000
1011111000100
1011111001000
1011111001100
1011111010000
1011111010100
1011111011000
1011111011100
1011111100000
1011111100100
1011111101000
1011111101100
1011111110000
1011111110100
1011111111000
1011111111100
1100000000000
1100000000010
1100000000100
1100000001000
1100000001010
1100000010000
1100000010010
1100000010100
1100000011010
1100000100000
1100000100010
1100000100100
1100000101000
1100000101010
1100000110010
1100000110100
1100000111010
1100001000000
1100001000010
1100001000100
1100001001000
1100001001010
1100001010000
1100001010010
1100001010100
1100001011010
1100001100000
1100001100010
1100001100100
1100001101000
1100001101010
1100001110010
1100001110100
1100001111010
1100010000000
1100010000010
1100010000100
1100010001000
1100010001010
1100010010000
1100010010010
1100010010100
1100010011010
1100010100000
1100010100010
1100010100100
1100010101000
1100010101010
1100010110000
1100010110010
1100010110100
1100010111010
1100011000000
1100011000010
1100011000100
1100011001000
1100011001010
1100011010000
1100011010010
1100011010100
1100011011010
1100011100000
1100011100010
1100011100100
1100011101000
1100011101010
1100011110000
1100011110010
1100011110100
1100011111010
1100100000000
1100100000010
1100100000100
1100100001000
1100100001010
1100100010000
1100100010010
1100100010100
1100100011000
1100100011010
1100100100000
1100100100010
1100100100100
1100100101000
1100100101010
1100100110000
1100100110100
1100100111000
1100100111010
1100101000000
1100101000010
1100101000100
1100101001000
1100101001010
1100101010000
1100101010010
1100101010100
1100101011000
1100101011010
1100101100000
1100101100010
1100101100100
1100101101000
1100101101010
1100101110000
1100101110100
1100101111000
1100101111010
1100110000000
1100110000010
1100110000100
1100110001000
1100110001010
1100110010000
1100110010010
1100110010100
1100110011000
1100110011010
1100110100000
1100110100010
1100110100100
1100110101000
1100110101010
1100110110000
1100110110010
1100110110100
1100110111000
1100110111010
1100111000000
1100111000010
1100111000100
1100111001000
1100111001010
1100111010000
1100111010010
1100111010100
1100111011000
1100111011010
1100111100000
1100111100010
1100111100100
1100111101000
1100111101010
1100111110000
1100111110010
1100111110100
1100111111000
1100111111010
1101000000000
1101000000010
1101000000100
1101000001000
1101000001010
1101000001100
1101000010000
1101000010010
1101000010100
1101000011000
1101000011100
1101000100000
1101000100010
1101000100100
1101000101000
1101000101010
1101000101100
1101000110000
1101000110010
1101000111000
1101000111100
1101001000000
1101001000010
1101001000100
1101001001000
1101001001010
1101001001100
1101001010000
1101001010010
1101001010100
1101001011000
1101001011100
1101001100000
1101001100010
1101001100100
1101001101000
1101001101010
1101001101100
1101001110000
1101001110010
1101001111000
1101001111100
1101010000000
1101010000010
1101010000100
1101010001000
1101010001010
1101010001100
1101010010000
1101010010010
1101010010100
1101010011000
1101010011100
1101010100000
1101010100010
1101010100100
1101010101000
1101010101010
1101010101100
1101010110000
1101010110010
1101010110100
1101010111000
1101010111100
1101011000000
1101011000010
1101011000100
1101011001000
1101011001010
1101011001100
1101011010000
1101011010010
1101011010100
1101011011000
1101011011100
1101011100000
1101011100010
1101011100100
1101011101000
1101011101010
1101011101100
1101011110000
1101011110010
1101011110100
1101011111000
1101011111100
1101100000000
1101100000010
1101100000100
1101100001000
1101100001010
1101100001100
1101100010000
1101100010010
1101100010100
1101100011000
1101100011010
1101100011100
1101100100000
1101100100010
1101100100100
1101100101000
1101100101010
1101100101100
1101100110000
1101100110010
1101100110100
1101100111000
1101100111010
1101100111100
1101101000000
1101101000010
1101101000100
1101101001000
1101101001010
1101101001100
1101101010000
1101101010010
1101101010100
1101101011000
1101101011010
1101101011100
1101101100000
1101101100010
1101101100100
1101101101000
1101101101010
1101101101100
1101101110000
1101101110010
1101101110100
1101101111000
1101101111010
1101101111100
1101110000000
1101110000010
1101110000100
1101110001000
1101110001010
1101110001100
1101110010000
1101110010010
1101110010100
1101110011000
1101110011010
1101110011100
1101110100000
1101110100010
1101110100100
1101110101000
1101110101010
1101110101100
1101110110000
1101110110010
1101110110100
1101110111000
1101110111010
1101110111100
1101111000000
1101111000010
1101111000100
1101111001000
1101111001010
1101111001100
1101111010000
1101111010010
1101111010100
1101111011000
1101111011010
1101111011100
1101111100000
1101111100010
1101111100100
1101111101000
1101111101010
1101111101100
1101111110000
1101111110010
1101111110100
1101111111000
1101111111010
1101111111100
1110000000000
1110000000010
1110000000100
1110000000110
1110000001000
1110000001010
1110000001100
1110000010000
1110000010010
1110000010100
1110000010110
1110000011000
1110000011010
1110000100000
1110000100010
1110000100100
1110000100110
1110000101000
1110000101010
1110000101100
1110000110000
1110000110010
1110000110100
1110000110110
1110000111010
1110001000000
1110001000010
1110001000100
1110001000110
1110001001000
1110001001010
1110001001100
1110001010000
1110001010010
1110001010100
1110001010110
1110001011000
1110001011010
1110001100000
1110001100010
1110001100100
1110001100110
1110001101000
1110001101010
1110001101100
1110001110000
1110001110010
1110001110100
1110001110110
1110001111010
1110010000000
1110010000010
1110010000100
1110010000110
1110010001000
1110010001010
1110010001100
1110010010000
1110010010010
1110010010100
1110010010110
1110010011000
1110010011010
1110010100000
1110010100010
1110010100100
1110010100110
1110010101000
1110010101010
1110010101100
1110010110000
1110010110010
1110010110100
1110010110110
1110010111000
1110010111010
1110011000000
1110011000010
1110011000100
1110011000110
1110011001000
1110011001010
1110011001100
1110011010000
1110011010010
1110011010100
1110011010110
1110011011000
1110011011010
1110011100000
1110011100010
1110011100100
1110011100110
1110011101000
1110011101010
1110011101100
1110011110000
1110011110010
1110011110100
1110011110110
1110011111000
1110011111010
1110100000000
1110100000010
1110100000100
1110100000110
1110100001000
1110100001010
1110100001100
1110100010000
1110100010010
1110100010100
1110100010110
1110100011000
1110100011010
1110100011100
1110100100000
1110100100010
1110100100100
1110100100110
1110100101000
1110100101010
1110100101100
1110100110000
1110100110010
1110100110100
1110100110110
1110100111000
1110100111100
1110101000000
1110101000010
1110101000100
1110101000110
1110101001000
1110101001010
1110101001100
1110101010000
1110101010010
1110101010100
1110101010110
1110101011000
1110101011010
1110101011100
1110101100000
1110101100010
1110101100100
1110101100110
1110101101000
1110101101010
1110101101100
1110101110000
1110101110010
1110101110100
1110101110110
1110101111000
1110101111100
1110110000000
1110110000010
1110110000100
1110110000110
1110110001000
1110110001010
1110110001100
1110110010000
1110110010010
1110110010100
1110110010110
1110110011000
1110110011010
1110110011100
1110110100000
1110110100010
1110110100100
1110110100110
1110110101000
1110110101010
1110110101100
1110110110000
1110110110010
1110110110100
1110110110110
1110110111000
1110110111010
1110110111100
1110111000000
1110111000010
1110111000100
1110111000110
1110111001000
1110111001010
1110111001100
1110111010000
1110111010010
1110111010100
1110111010110
1110111011000
1110111011010
1110111011100
1110111100000
1110111100010
1110111100100
1110111100110
1110111101000
1110111101010
1110111101100
1110111110000
1110111110010
1110111110100
1110111110110
1110111111000
1110111111010
1110111111100
1111000000000
1111000000010
1111000000100
1111000000110
1111000001000
1111000001010
1111000001100
1111000001110
1111000010000
1111000010010
1111000010100
1111000010110
1111000011000
1111000011010
1111000011100
1111000100000
1111000100010
1111000100100
1111000100110
1111000101000
1111000101010
1111000101100
1111000101110
1111000110000
1111000110010
1111000110100
1111000110110
1111000111000
1111000111010
1111001000000
1111001000010
1111001000100
1111001000110
1111001001000
1111001001010
1111001001100
1111001001110
1111001010000
1111001010010
1111001010100
1111001010110
1111001011000
1111001011010
1111001011100
1111001100000
1111001100010
1111001100100
1111001100110
1111001101000
1111001101010
1111001101100
1111001101110
1111001110000
1111001110010
1111001110100
1111001110110
1111001111000
1111001111010
1111010000000
1111010000010
1111010000100
1111010000110
1111010001000
1111010001010
1111010001100
1111010001110
1111010010000
1111010010010
1111010010100
1111010010110
1111010011000
1111010011010
1111010011100
1111010100000
1111010100010
1111010100100
1111010100110
1111010101000
1111010101010
1111010101100
1111010101110
1111010110000
1111010110010
1111010110100
1111010110110
1111010111000
1111010111010
1111010111100
1111011000000
1111011000010
1111011000100
1111011000110
1111011001000
1111011001010
1111011001100
1111011001110
1111011010000
1111011010010
1111011010100
1111011010110
1111011011000
1111011011010
1111011011100
1111011100000
1111011100010
1111011100100
1111011100110
1111011101000
1111011101010
1111011101100
1111011101110
1111011110000
1111011110010
1111011110100
1111011110110
1111011111000
1111011111010
1111011111100
1111100000000
1111100000010
1111100000100
1111100000110
1111100001000
1111100001010
1111100001100
1111100001110
1111100010000
1111100010010
1111100010100
1111100010110
1111100011000
1111100011010
1111100011100
1111100011110
1111100100000
1111100100010
1111100100100
1111100100110
1111100101000
1111100101010
1111100101100
1111100101110
1111100110000
1111100110010
1111100110100
1111100110110
1111100111000
1111100111010
1111100111100
1111101000000
1111101000010
1111101000100
1111101000110
1111101001000
1111101001010
1111101001100
1111101001110
1111101010000
1111101010010
1111101010100
1111101010110
1111101011000
1111101011010
1111101011100
1111101011110
1111101100000
1111101100010
1111101100100
1111101100110
1111101101000
1111101101010
1111101101100
1111101101110
1111101110000
1111101110010
1111101110100
1111101110110
1111101111000
1111101111010
1111101111100
1111110000000
1111110000010
1111110000100
1111110000110
1111110001000
1111110001010
1111110001100
1111110001110
1111110010000
1111110010010
1111110010100
1111110010110
1111110011000
1111110011010
1111110011100
1111110011110
1111110100000
1111110100010
1111110100100
1111110100110
1111110101000
1111110101010
1111110101100
1111110101110
1111110110000
1111110110010
1111110110100
1111110110110
1111110111000
1111110111010
1111110111100
1111110111110
1111111000000
1111111000010
1111111000100
1111111000110
1111111001000
1111111001010
1111111001100
1111111001110
1111111010000
1111111010010
1111111010100
1111111010110
1111111011000
1111111011010
1111111011100
1111111011110
1111111100000
1111111100010
1111111100100
1111111100110
1111111101000
1111111101010
1111111101100
1111111101110
1111111110000
1111111110010
1111111110100
1111111110110
1111111111000
1111111111010
1111111111100
1111111111110
