00000000000001
00000000000011
00000000000101
00000000000111
00000000001001
00000000001011
00000000001101
00000000001111
00000000010001
00000000010011
00000000010101
00000000010111
00000000011001
00000000011011
00000000011101
00000000011111
00000000100001
00000000100011
00000000100101
00000000100111
00000000101001
00000000101011
00000000101101
00000000101111
00000000110001
00000000110011
00000000110101
00000000110111
00000000111001
00000000111011
00000000111101
00000000111111
00000001000001
00000001000011
00000001000101
00000001000111
00000001001001
00000001001011
00000001001101
00000001001111
00000001010001
00000001010011
00000001010101
00000001010111
00000001011001
00000001011011
00000001011101
00000001011111
00000001100001
00000001100011
00000001100101
00000001100111
00000001101001
00000001101011
00000001101101
00000001101111
00000001110001
00000001110011
00000001110101
00000001110111
00000001111001
00000001111011
00000001111101
00000001111111
00000010000011
00000010000101
00000010000111
00000010001001
00000010001011
00000010001101
00000010001111
00000010010001
00000010010011
00000010010101
00000010010111
00000010011001
00000010011011
00000010011101
00000010011111
00000010100001
00000010100011
00000010100101
00000010100111
00000010101001
00000010101011
00000010101101
00000010101111
00000010110001
00000010110011
00000010110101
00000010110111
00000010111001
00000010111011
00000010111101
00000010111111
00000011000001
00000011000011
00000011000101
00000011000111
00000011001001
00000011001011
00000011001101
00000011001111
00000011010001
00000011010011
00000011010101
00000011010111
00000011011001
00000011011011
00000011011101
00000011011111
00000011100001
00000011100011
00000011100101
00000011100111
00000011101001
00000011101011
00000011101101
00000011101111
00000011110001
00000011110011
00000011110101
00000011110111
00000011111001
00000011111011
00000011111101
00000011111111
00000100000011
00000100000101
00000100000111
00000100001001
00000100001011
00000100001101
00000100001111
00000100010001
00000100010011
00000100010101
00000100010111
00000100011001
00000100011011
00000100011101
00000100011111
00000100100001
00000100100011
00000100100101
00000100100111
00000100101001
00000100101011
00000100101101
00000100101111
00000100110001
00000100110011
00000100110101
00000100110111
00000100111001
00000100111011
00000100111101
00000100111111
00000101000011
00000101000101
00000101000111
00000101001001
00000101001011
00000101001101
00000101001111
00000101010001
00000101010011
00000101010101
00000101010111
00000101011001
00000101011011
00000101011101
00000101011111
00000101100001
00000101100011
00000101100101
00000101100111
00000101101001
00000101101011
00000101101101
00000101101111
00000101110001
00000101110011
00000101110101
00000101110111
00000101111001
00000101111011
00000101111101
00000101111111
00000110000101
00000110000111
00000110001001
00000110001011
00000110001101
00000110001111
00000110010001
00000110010011
00000110010101
00000110010111
00000110011001
00000110011011
00000110011101
00000110011111
00000110100001
00000110100011
00000110100101
00000110100111
00000110101001
00000110101011
00000110101101
00000110101111
00000110110001
00000110110011
00000110110101
00000110110111
00000110111001
00000110111011
00000110111101
00000110111111
00000111000011
00000111000101
00000111000111
00000111001001
00000111001011
00000111001101
00000111001111
00000111010001
00000111010011
00000111010101
00000111010111
00000111011001
00000111011011
00000111011101
00000111011111
00000111100001
00000111100011
00000111100101
00000111100111
00000111101001
00000111101011
00000111101101
00000111101111
00000111110001
00000111110011
00000111110101
00000111110111
00000111111001
00000111111011
00000111111101
00000111111111
00001000000011
00001000000101
00001000000111
00001000001001
00001000001011
00001000001101
00001000001111
00001000010001
00001000010011
00001000010101
00001000010111
00001000011001
00001000011011
00001000011101
00001000011111
00001000100011
00001000100101
00001000100111
00001000101001
00001000101011
00001000101101
00001000101111
00001000110001
00001000110011
00001000110101
00001000110111
00001000111001
00001000111011
00001000111101
00001000111111
00001001000011
00001001000101
00001001000111
00001001001001
00001001001011
00001001001101
00001001001111
00001001010001
00001001010011
00001001010101
00001001010111
00001001011001
00001001011011
00001001011101
00001001011111
00001001100011
00001001100101
00001001100111
00001001101001
00001001101011
00001001101101
00001001101111
00001001110001
00001001110011
00001001110101
00001001110111
00001001111001
00001001111011
00001001111101
00001001111111
00001010000011
00001010000111
00001010001001
00001010001011
00001010001101
00001010001111
00001010010001
00001010010011
00001010010101
00001010010111
00001010011001
00001010011011
00001010011101
00001010011111
00001010100011
00001010100101
00001010100111
00001010101001
00001010101011
00001010101101
00001010101111
00001010110001
00001010110011
00001010110101
00001010110111
00001010111001
00001010111011
00001010111101
00001010111111
00001011000011
00001011000101
00001011000111
00001011001001
00001011001011
00001011001101
00001011001111
00001011010001
00001011010011
00001011010101
00001011010111
00001011011001
00001011011011
00001011011101
00001011011111
00001011100011
00001011100101
00001011100111
00001011101001
00001011101011
00001011101101
00001011101111
00001011110001
00001011110011
00001011110101
00001011110111
00001011111001
00001011111011
00001011111101
00001011111111
00001100000101
00001100000111
00001100001001
00001100001011
00001100001101
00001100001111
00001100010001
00001100010011
00001100010101
00001100010111
00001100011001
00001100011011
00001100011101
00001100011111
00001100100011
00001100100101
00001100100111
00001100101001
00001100101011
00001100101101
00001100101111
00001100110001
00001100110011
00001100110101
00001100110111
00001100111001
00001100111011
00001100111101
00001100111111
00001101000101
00001101000111
00001101001001
00001101001011
00001101001101
00001101001111
00001101010001
00001101010011
00001101010101
00001101010111
00001101011001
00001101011011
00001101011101
00001101011111
00001101100011
00001101100101
00001101100111
00001101101001
00001101101011
00001101101101
00001101101111
00001101110001
00001101110011
00001101110101
00001101110111
00001101111001
00001101111011
00001101111101
00001101111111
00001110000101
00001110001001
00001110001011
00001110001101
00001110001111
00001110010001
00001110010011
00001110010101
00001110010111
00001110011001
00001110011011
00001110011101
00001110011111
00001110100011
00001110100101
00001110100111
00001110101001
00001110101011
00001110101101
00001110101111
00001110110001
00001110110011
00001110110101
00001110110111
00001110111001
00001110111011
00001110111101
00001110111111
00001111000101
00001111000111
00001111001001
00001111001011
00001111001101
00001111001111
00001111010001
00001111010011
00001111010101
00001111010111
00001111011001
00001111011011
00001111011101
00001111011111
00001111100011
00001111100101
00001111100111
00001111101001
00001111101011
00001111101101
00001111101111
00001111110001
00001111110011
00001111110101
00001111110111
00001111111001
00001111111011
00001111111101
00001111111111
00010000000011
00010000000101
00010000000111
00010000001001
00010000001011
00010000001101
00010000001111
00010000010011
00010000010101
00010000010111
00010000011001
00010000011011
00010000011101
00010000011111
00010000100011
00010000100101
00010000100111
00010000101001
00010000101011
00010000101101
00010000101111
00010000110011
00010000110101
00010000110111
00010000111001
00010000111011
00010000111101
00010000111111
00010001000011
00010001000101
00010001000111
00010001001001
00010001001011
00010001001101
00010001001111
00010001010011
00010001010101
00010001010111
00010001011001
00010001011011
00010001011101
00010001011111
00010001100011
00010001100101
00010001100111
00010001101001
00010001101011
00010001101101
00010001101111
00010001110011
00010001110101
00010001110111
00010001111001
00010001111011
00010001111101
00010001111111
00010010000011
00010010000101
00010010000111
00010010001011
00010010001101
00010010001111
00010010010011
00010010010101
00010010010111
00010010011001
00010010011011
00010010011101
00010010011111
00010010100011
00010010100101
00010010100111
00010010101001
00010010101011
00010010101101
00010010101111
00010010110011
00010010110101
00010010110111
00010010111001
00010010111011
00010010111101
00010010111111
00010011000011
00010011000101
00010011000111
00010011001001
00010011001011
00010011001101
00010011001111
00010011010011
00010011010101
00010011010111
00010011011001
00010011011011
00010011011101
00010011011111
00010011100011
00010011100101
00010011100111
00010011101001
00010011101011
00010011101101
00010011101111
00010011110011
00010011110101
00010011110111
00010011111001
00010011111011
00010011111101
00010011111111
00010100000011
00010100000111
00010100001001
00010100001011
00010100001101
00010100001111
00010100010011
00010100010101
00010100010111
00010100011001
00010100011011
00010100011101
00010100011111
00010100100011
00010100100101
00010100100111
00010100101001
00010100101011
00010100101101
00010100101111
00010100110011
00010100110101
00010100110111
00010100111001
00010100111011
00010100111101
00010100111111
00010101000011
00010101000111
00010101001001
00010101001011
00010101001101
00010101001111
00010101010011
00010101010101
00010101010111
00010101011001
00010101011011
00010101011101
00010101011111
00010101100011
00010101100101
00010101100111
00010101101001
00010101101011
00010101101101
00010101101111
00010101110011
00010101110101
00010101110111
00010101111001
00010101111011
00010101111101
00010101111111
00010110000011
00010110000111
00010110001001
00010110001101
00010110001111
00010110010011
00010110010101
00010110010111
00010110011001
00010110011011
00010110011101
00010110011111
00010110100011
00010110100101
00010110100111
00010110101001
00010110101011
00010110101101
00010110101111
00010110110011
00010110110101
00010110110111
00010110111001
00010110111011
00010110111101
00010110111111
00010111000011
00010111000111
00010111001001
00010111001011
00010111001101
00010111001111
00010111010011
00010111010101
00010111010111
00010111011001
00010111011011
00010111011101
00010111011111
00010111100011
00010111100101
00010111100111
00010111101001
00010111101011
00010111101101
00010111101111
00010111110011
00010111110101
00010111110111
00010111111001
00010111111011
00010111111101
00010111111111
00011000000101
00011000000111
00011000001001
00011000001011
00011000001101
00011000001111
00011000010011
00011000010101
00011000010111
00011000011001
00011000011011
00011000011101
00011000011111
00011000100101
00011000100111
00011000101001
00011000101011
00011000101101
00011000101111
00011000110011
00011000110101
00011000110111
00011000111001
00011000111011
00011000111101
00011000111111
00011001000101
00011001000111
00011001001001
00011001001011
00011001001101
00011001001111
00011001010011
00011001010101
00011001010111
00011001011001
00011001011011
00011001011101
00011001011111
00011001100101
00011001100111
00011001101001
00011001101011
00011001101101
00011001101111
00011001110011
00011001110101
00011001110111
00011001111001
00011001111011
00011001111101
00011001111111
00011010000101
00011010000111
00011010001001
00011010001011
00011010001111
00011010010011
00011010010101
00011010010111
00011010011001
00011010011011
00011010011101
00011010011111
00011010100101
00011010100111
00011010101001
00011010101011
00011010101101
00011010101111
00011010110011
00011010110101
00011010110111
00011010111001
00011010111011
00011010111101
00011010111111
00011011000101
00011011000111
00011011001001
00011011001011
00011011001101
00011011001111
00011011010011
00011011010101
00011011010111
00011011011001
00011011011011
00011011011101
00011011011111
00011011100101
00011011100111
00011011101001
00011011101011
00011011101101
00011011101111
00011011110011
00011011110101
00011011110111
00011011111001
00011011111011
00011011111101
00011011111111
00011100000101
00011100001001
00011100001011
00011100001101
00011100001111
00011100010011
00011100010101
00011100010111
00011100011001
00011100011011
00011100011101
00011100011111
00011100100101
00011100100111
00011100101001
00011100101011
00011100101101
00011100101111
00011100110011
00011100110101
00011100110111
00011100111001
00011100111011
00011100111101
00011100111111
00011101000101
00011101001001
00011101001011
00011101001101
00011101001111
00011101010011
00011101010101
00011101010111
00011101011001
00011101011011
00011101011101
00011101011111
00011101100101
00011101100111
00011101101001
00011101101011
00011101101101
00011101101111
00011101110011
00011101110101
00011101110111
00011101111001
00011101111011
00011101111101
00011101111111
00011110000101
00011110001001
00011110001011
00011110001101
00011110010011
00011110010101
00011110010111
00011110011001
00011110011011
00011110011101
00011110011111
00011110100101
00011110100111
00011110101001
00011110101011
00011110101101
00011110101111
00011110110011
00011110110101
00011110110111
00011110111001
00011110111011
00011110111101
00011110111111
00011111000101
00011111001001
00011111001011
00011111001101
00011111001111
00011111010011
00011111010101
00011111010111
00011111011001
00011111011011
00011111011101
00011111011111
00011111100101
00011111100111
00011111101001
00011111101011
00011111101101
00011111101111
00011111110011
00011111110101
00011111110111
00011111111001
00011111111011
00011111111101
00011111111111
00100000000011
00100000000101
00100000000111
00100000001011
00100000001101
00100000001111
00100000010011
00100000010101
00100000010111
00100000011011
00100000011101
00100000011111
00100000100011
00100000100101
00100000100111
00100000101011
00100000101101
00100000101111
00100000110011
00100000110101
00100000110111
00100000111011
00100000111101
00100000111111
00100001000011
00100001000101
00100001000111
00100001001011
00100001001101
00100001001111
00100001010011
00100001010101
00100001010111
00100001011011
00100001011101
00100001011111
00100001100011
00100001100101
00100001100111
00100001101011
00100001101101
00100001101111
00100001110011
00100001110101
00100001110111
00100001111011
00100001111101
00100001111111
00100010000011
00100010000101
00100010000111
00100010001011
00100010001101
00100010001111
00100010010011
00100010010101
00100010010111
00100010011011
00100010011101
00100010011111
00100010100011
00100010100101
00100010100111
00100010101011
00100010101101
00100010101111
00100010110011
00100010110101
00100010110111
00100010111011
00100010111101
00100010111111
00100011000011
00100011000101
00100011000111
00100011001011
00100011001101
00100011001111
00100011010011
00100011010101
00100011010111
00100011011011
00100011011101
00100011011111
00100011100011
00100011100101
00100011100111
00100011101011
00100011101101
00100011101111
00100011110011
00100011110101
00100011110111
00100011111011
00100011111101
00100011111111
00100100000011
00100100000101
00100100000111
00100100001011
00100100001101
00100100001111
00100100010011
00100100010101
00100100010111
00100100011011
00100100011101
00100100011111
00100100100011
00100100100101
00100100100111
00100100101011
00100100101101
00100100101111
00100100110011
00100100110101
00100100110111
00100100111011
00100100111101
00100100111111
00100101000011
00100101000101
00100101000111
00100101001011
00100101001101
00100101001111
00100101010011
00100101010101
00100101010111
00100101011011
00100101011101
00100101011111
00100101100011
00100101100101
00100101100111
00100101101011
00100101101101
00100101101111
00100101110011
00100101110101
00100101110111
00100101111011
00100101111101
00100101111111
00100110000011
00100110000101
00100110000111
00100110001011
00100110001101
00100110001111
00100110010101
00100110010111
00100110011011
00100110011101
00100110011111
00100110100011
00100110100101
00100110100111
00100110101011
00100110101101
00100110101111
00100110110011
00100110110101
00100110110111
00100110111011
00100110111101
00100110111111
00100111000011
00100111000101
00100111000111
00100111001011
00100111001101
00100111001111
00100111010011
00100111010101
00100111010111
00100111011011
00100111011101
00100111011111
00100111100011
00100111100101
00100111100111
00100111101011
00100111101101
00100111101111
00100111110011
00100111110101
00100111110111
00100111111011
00100111111101
00100111111111
00101000000011
00101000000111
00101000001011
00101000001101
00101000001111
00101000010011
00101000010101
00101000010111
00101000011011
00101000011101
00101000011111
00101000100011
00101000100111
00101000101011
00101000101101
00101000101111
00101000110011
00101000110101
00101000110111
00101000111011
00101000111101
00101000111111
00101001000011
00101001000111
00101001001011
00101001001101
00101001001111
00101001010011
00101001010101
00101001010111
00101001011011
00101001011101
00101001011111
00101001100011
00101001100111
00101001101011
00101001101101
00101001101111
00101001110011
00101001110101
00101001110111
00101001111011
00101001111101
00101001111111
00101010000011
00101010000111
00101010001011
00101010001101
00101010001111
00101010010011
00101010010111
00101010011011
00101010011101
00101010011111
00101010100011
00101010100111
00101010101011
00101010101101
00101010101111
00101010110011
00101010110101
00101010110111
00101010111011
00101010111101
00101010111111
00101011000011
00101011000111
00101011001011
00101011001101
00101011001111
00101011010011
00101011010101
00101011010111
00101011011011
00101011011101
00101011011111
00101011100011
00101011100111
00101011101011
00101011101101
00101011101111
00101011110011
00101011110101
00101011110111
00101011111011
00101011111101
00101011111111
00101100000011
00101100000111
00101100001101
00101100001111
00101100010011
00101100010101
00101100010111
00101100011011
00101100011101
00101100011111
00101100100011
00101100100111
00101100101011
00101100101101
00101100101111
00101100110011
00101100110101
00101100110111
00101100111011
00101100111101
00101100111111
00101101000011
00101101000111
00101101001101
00101101001111
00101101010011
00101101010101
00101101010111
00101101011011
00101101011101
00101101011111
00101101100011
00101101100111
00101101101011
00101101101101
00101101101111
00101101110011
00101101110101
00101101110111
00101101111011
00101101111101
00101101111111
00101110000011
00101110000111
00101110001101
00101110001111
00101110010011
00101110010101
00101110011011
00101110011101
00101110011111
00101110100011
00101110100111
00101110101011
00101110101101
00101110101111
00101110110011
00101110110101
00101110110111
00101110111011
00101110111101
00101110111111
00101111000011
00101111000111
00101111001101
00101111001111
00101111010011
00101111010101
00101111010111
00101111011011
00101111011101
00101111011111
00101111100011
00101111100111
00101111101011
00101111101101
00101111101111
00101111110011
00101111110101
00101111110111
00101111111011
00101111111101
00101111111111
00110000000101
00110000000111
00110000001011
00110000001101
00110000001111
00110000010101
00110000010111
00110000011011
00110000011101
00110000011111
00110000100101
00110000100111
00110000101011
00110000101101
00110000101111
00110000110101
00110000110111
00110000111011
00110000111101
00110000111111
00110001000101
00110001000111
00110001001011
00110001001101
00110001001111
00110001010101
00110001010111
00110001011011
00110001011101
00110001011111
00110001100101
00110001100111
00110001101011
00110001101101
00110001101111
00110001110101
00110001110111
00110001111011
00110001111101
00110001111111
00110010000101
00110010000111
00110010001011
00110010001101
00110010001111
00110010010101
00110010010111
00110010011011
00110010011101
00110010011111
00110010100101
00110010100111
00110010101011
00110010101101
00110010101111
00110010110101
00110010110111
00110010111011
00110010111101
00110010111111
00110011000101
00110011000111
00110011001011
00110011001101
00110011001111
00110011010101
00110011010111
00110011011011
00110011011101
00110011011111
00110011100101
00110011100111
00110011101011
00110011101101
00110011101111
00110011110101
00110011110111
00110011111011
00110011111101
00110011111111
00110100000101
00110100000111
00110100001011
00110100001111
00110100010101
00110100010111
00110100011011
00110100011101
00110100011111
00110100100101
00110100100111
00110100101011
00110100101101
00110100101111
00110100110101
00110100110111
00110100111011
00110100111101
00110100111111
00110101000101
00110101000111
00110101001011
00110101001111
00110101010101
00110101010111
00110101011011
00110101011101
00110101011111
00110101100101
00110101100111
00110101101011
00110101101101
00110101101111
00110101110101
00110101110111
00110101111011
00110101111101
00110101111111
00110110000101
00110110000111
00110110001011
00110110001111
00110110010101
00110110010111
00110110011101
00110110011111
00110110100101
00110110100111
00110110101011
00110110101101
00110110101111
00110110110101
00110110110111
00110110111011
00110110111101
00110110111111
00110111000101
00110111000111
00110111001011
00110111001111
00110111010101
00110111010111
00110111011011
00110111011101
00110111011111
00110111100101
00110111100111
00110111101011
00110111101101
00110111101111
00110111110101
00110111110111
00110111111011
00110111111101
00110111111111
00111000000101
00111000001011
00111000001101
00111000001111
00111000010101
00111000010111
00111000011011
00111000011101
00111000011111
00111000100101
00111000101011
00111000101101
00111000101111
00111000110101
00111000110111
00111000111011
00111000111101
00111000111111
00111001000101
00111001001011
00111001001101
00111001001111
00111001010101
00111001010111
00111001011011
00111001011101
00111001011111
00111001100101
00111001101011
00111001101101
00111001101111
00111001110101
00111001110111
00111001111011
00111001111101
00111001111111
00111010000101
00111010001011
00111010001101
00111010001111
00111010010101
00111010010111
00111010011011
00111010011111
00111010100101
00111010101011
00111010101101
00111010101111
00111010110101
00111010110111
00111010111011
00111010111101
00111010111111
00111011000101
00111011001011
00111011001101
00111011001111
00111011010101
00111011010111
00111011011011
00111011011101
00111011011111
00111011100101
00111011101011
00111011101101
00111011101111
00111011110101
00111011110111
00111011111011
00111011111101
00111011111111
00111100000101
00111100001011
00111100001101
00111100010101
00111100010111
00111100011011
00111100011101
00111100011111
00111100100101
00111100101011
00111100101101
00111100101111
00111100110101
00111100110111
00111100111011
00111100111101
00111100111111
00111101000101
00111101001011
00111101001101
00111101010101
00111101010111
00111101011011
00111101011101
00111101011111
00111101100101
00111101101011
00111101101101
00111101101111
00111101110101
00111101110111
00111101111011
00111101111101
00111101111111
00111110000101
00111110001011
00111110001101
00111110010101
00111110010111
00111110011011
00111110011101
00111110100101
00111110101011
00111110101101
00111110101111
00111110110101
00111110110111
00111110111011
00111110111101
00111110111111
00111111000101
00111111001011
00111111001101
00111111010101
00111111010111
00111111011011
00111111011101
00111111011111
00111111100101
00111111101011
00111111101101
00111111101111
00111111110101
00111111110111
00111111111011
00111111111101
00111111111111
01000000000011
01000000000111
01000000001011
01000000001111
01000000010011
01000000010111
01000000011011
01000000011111
01000000100011
01000000100111
01000000101011
01000000101111
01000000110011
01000000110111
01000000111011
01000000111111
01000001000011
01000001000111
01000001001011
01000001001111
01000001010011
01000001010111
01000001011011
01000001011111
01000001100011
01000001100111
01000001101011
01000001101111
01000001110011
01000001110111
01000001111011
01000001111111
01000010000011
01000010000111
01000010001011
01000010001111
01000010010011
01000010010111
01000010011011
01000010011111
01000010100011
01000010100111
01000010101011
01000010101111
01000010110011
01000010110111
01000010111011
01000010111111
01000011000011
01000011000111
01000011001011
01000011001111
01000011010011
01000011010111
01000011011011
01000011011111
01000011100011
01000011100111
01000011101011
01000011101111
01000011110011
01000011110111
01000011111011
01000011111111
01000100000011
01000100000111
01000100001011
01000100001111
01000100010011
01000100010111
01000100011011
01000100011111
01000100100011
01000100100111
01000100101011
01000100101111
01000100110011
01000100110111
01000100111011
01000100111111
01000101000011
01000101000111
01000101001011
01000101001111
01000101010011
01000101010111
01000101011011
01000101011111
01000101100011
01000101100111
01000101101011
01000101101111
01000101110011
01000101110111
01000101111011
01000101111111
01000110000011
01000110000111
01000110001011
01000110001111
01000110010011
01000110010111
01000110011011
01000110011111
01000110100111
01000110101011
01000110101111
01000110110011
01000110110111
01000110111011
01000110111111
01000111000011
01000111000111
01000111001011
01000111001111
01000111010011
01000111010111
01000111011011
01000111011111
01000111100011
01000111100111
01000111101011
01000111101111
01000111110011
01000111110111
01000111111011
01000111111111
01001000000011
01001000000111
01001000001011
01001000001111
01001000010011
01001000010111
01001000011011
01001000011111
01001000100011
01001000100111
01001000101011
01001000101111
01001000110011
01001000110111
01001000111011
01001000111111
01001001000011
01001001000111
01001001001011
01001001001111
01001001010011
01001001010111
01001001011011
01001001011111
01001001100011
01001001100111
01001001101011
01001001101111
01001001110011
01001001110111
01001001111011
01001001111111
01001010000011
01001010000111
01001010001011
01001010001111
01001010010011
01001010010111
01001010011011
01001010011111
01001010100011
01001010100111
01001010101011
01001010101111
01001010110011
01001010110111
01001010111011
01001010111111
01001011000011
01001011000111
01001011001011
01001011001111
01001011010011
01001011010111
01001011011011
01001011011111
01001011100011
01001011100111
01001011101011
01001011101111
01001011110011
01001011110111
01001011111011
01001011111111
01001100000011
01001100000111
01001100001011
01001100001111
01001100010111
01001100011011
01001100011111
01001100100011
01001100100111
01001100101011
01001100101111
01001100110011
01001100110111
01001100111011
01001100111111
01001101000011
01001101000111
01001101001011
01001101001111
01001101010111
01001101011011
01001101011111
01001101100011
01001101100111
01001101101011
01001101101111
01001101110011
01001101110111
01001101111011
01001101111111
01001110000011
01001110000111
01001110001011
01001110001111
01001110010111
01001110011011
01001110011111
01001110100011
01001110101011
01001110101111
01001110110011
01001110110111
01001110111011
01001110111111
01001111000011
01001111000111
01001111001011
01001111001111
01001111010111
01001111011011
01001111011111
01001111100011
01001111100111
01001111101011
01001111101111
01001111110011
01001111110111
01001111111011
01001111111111
01010000000011
01010000000111
01010000001011
01010000001111
01010000010011
01010000010111
01010000011011
01010000011111
01010000100011
01010000100111
01010000101011
01010000101111
01010000110011
01010000110111
01010000111011
01010000111111
01010001000011
01010001000111
01010001001011
01010001001111
01010001010011
01010001010111
01010001011011
01010001011111
01010001100011
01010001100111
01010001101011
01010001101111
01010001110011
01010001110111
01010001111011
01010001111111
01010010000011
01010010000111
01010010001011
01010010001111
01010010010011
01010010010111
01010010011011
01010010011111
01010010100011
01010010100111
01010010101011
01010010101111
01010010110011
01010010110111
01010010111011
01010010111111
01010011000011
01010011000111
01010011001011
01010011001111
01010011010011
01010011010111
01010011011011
01010011011111
01010011100011
01010011100111
01010011101011
01010011101111
01010011110011
01010011110111
01010011111011
01010011111111
01010100000011
01010100000111
01010100001011
01010100001111
01010100010011
01010100010111
01010100011011
01010100011111
01010100100011
01010100100111
01010100101011
01010100101111
01010100110011
01010100110111
01010100111011
01010100111111
01010101000011
01010101000111
01010101001011
01010101001111
01010101010011
01010101010111
01010101011011
01010101011111
01010101100011
01010101100111
01010101101011
01010101101111
01010101110011
01010101110111
01010101111011
01010101111111
01010110000011
01010110000111
01010110001011
01010110001111
01010110010011
01010110010111
01010110011011
01010110011111
01010110100011
01010110100111
01010110101111
01010110110011
01010110110111
01010110111011
01010110111111
01010111000011
01010111000111
01010111001011
01010111001111
01010111010011
01010111010111
01010111011011
01010111011111
01010111100011
01010111100111
01010111101011
01010111101111
01010111110011
01010111110111
01010111111011
01010111111111
01011000000011
01011000000111
01011000001111
01011000010011
01011000010111
01011000011011
01011000011111
01011000100011
01011000100111
01011000101111
01011000110011
01011000110111
01011000111011
01011000111111
01011001000011
01011001000111
01011001001111
01011001010011
01011001010111
01011001011011
01011001011111
01011001100011
01011001100111
01011001101111
01011001110011
01011001110111
01011001111011
01011001111111
01011010000011
01011010000111
01011010001111
01011010010011
01011010010111
01011010011011
01011010011111
01011010100011
01011010100111
01011010101111
01011010110011
01011010110111
01011010111011
01011010111111
01011011000011
01011011000111
01011011001111
01011011010011
01011011010111
01011011011011
01011011011111
01011011100011
01011011100111
01011011101111
01011011110011
01011011110111
01011011111011
01011011111111
01011100000011
01011100000111
01011100001111
01011100010011
01011100011011
01011100011111
01011100100011
01011100100111
01011100101111
01011100110011
01011100110111
01011100111011
01011100111111
01011101000011
01011101000111
01011101001111
01011101010011
01011101011011
01011101011111
01011101100011
01011101100111
01011101101111
01011101110011
01011101110111
01011101111011
01011101111111
01011110000011
01011110000111
01011110001111
01011110010011
01011110011011
01011110011111
01011110100011
01011110100111
01011110110011
01011110110111
01011110111011
01011110111111
01011111000011
01011111000111
01011111001111
01011111010011
01011111011011
01011111011111
01011111100011
01011111100111
01011111101111
01011111110011
01011111110111
01011111111011
01011111111111
01100000000111
01100000001111
01100000010111
01100000011111
01100000100111
01100000101111
01100000110111
01100000111111
01100001000111
01100001001111
01100001010111
01100001011111
01100001100111
01100001101111
01100001110111
01100001111111
01100010000111
01100010001111
01100010010111
01100010011111
01100010100111
01100010101111
01100010110111
01100010111111
01100011000111
01100011001111
01100011010111
01100011011111
01100011100111
01100011101111
01100011110111
01100011111111
01100100000111
01100100001111
01100100010111
01100100011111
01100100100111
01100100101111
01100100110111
01100100111111
01100101000111
01100101001111
01100101010111
01100101011111
01100101100111
01100101101111
01100101110111
01100101111111
01100110000111
01100110001111
01100110010111
01100110011111
01100110100111
01100110101111
01100110110111
01100110111111
01100111000111
01100111001111
01100111010111
01100111011111
01100111100111
01100111101111
01100111110111
01100111111111
01101000000111
01101000001111
01101000010111
01101000011111
01101000100111
01101000101111
01101000110111
01101000111111
01101001000111
01101001001111
01101001010111
01101001011111
01101001100111
01101001101111
01101001110111
01101001111111
01101010000111
01101010001111
01101010010111
01101010011111
01101010100111
01101010101111
01101010110111
01101010111111
01101011000111
01101011001111
01101011010111
01101011011111
01101011100111
01101011101111
01101011110111
01101011111111
01101100000111
01101100001111
01101100010111
01101100011111
01101100100111
01101100101111
01101100110111
01101100111111
01101101000111
01101101001111
01101101010111
01101101011111
01101101100111
01101101101111
01101101110111
01101101111111
01101110000111
01101110001111
01101110010111
01101110011111
01101110100111
01101110101111
01101110111111
01101111000111
01101111001111
01101111010111
01101111011111
01101111100111
01101111101111
01101111110111
01101111111111
01110000001111
01110000011111
01110000101111
01110000111111
01110001001111
01110001011111
01110001101111
01110001111111
01110010001111
01110010011111
01110010101111
01110010111111
01110011001111
01110011011111
01110011101111
01110011111111
01110100001111
01110100011111
01110100101111
01110100111111
01110101001111
01110101011111
01110101101111
01110101111111
01110110001111
01110110011111
01110110101111
01110110111111
01110111001111
01110111011111
01110111101111
01110111111111
01111000011111
01111000111111
01111001011111
01111001111111
01111010011111
01111010111111
01111011011111
01111011111111
01111100111111
01111101111111
01111111111111
10000000000000
10000010000000
10000011000000
10000100000000
10000100100000
10000101000000
10000101100000
10000110000000
10000110100000
10000111000000
10000111100000
10001000000000
10001000010000
10001000100000
10001000110000
10001001000000
10001001010000
10001001100000
10001001110000
10001010000000
10001010010000
10001010100000
10001010110000
10001011000000
10001011010000
10001011100000
10001011110000
10001100000000
10001100010000
10001100100000
10001100110000
10001101000000
10001101010000
10001101100000
10001101110000
10001110000000
10001110010000
10001110100000
10001110110000
10001111000000
10001111010000
10001111100000
10001111110000
10010000000000
10010000001000
10010000010000
10010000011000
10010000100000
10010000101000
10010000110000
10010000111000
10010001000000
10010001010000
10010001011000
10010001100000
10010001101000
10010001110000
10010001111000
10010010000000
10010010001000
10010010010000
10010010011000
10010010100000
10010010101000
10010010110000
10010010111000
10010011000000
10010011001000
10010011010000
10010011011000
10010011100000
10010011101000
10010011110000
10010011111000
10010100000000
10010100001000
10010100010000
10010100011000
10010100100000
10010100101000
10010100110000
10010100111000
10010101000000
10010101001000
10010101010000
10010101011000
10010101100000
10010101101000
10010101110000
10010101111000
10010110000000
10010110001000
10010110010000
10010110011000
10010110100000
10010110101000
10010110110000
10010110111000
10010111000000
10010111001000
10010111010000
10010111011000
10010111100000
10010111101000
10010111110000
10010111111000
10011000000000
10011000001000
10011000010000
10011000011000
10011000100000
10011000101000
10011000110000
10011000111000
10011001000000
10011001001000
10011001010000
10011001011000
10011001100000
10011001101000
10011001110000
10011001111000
10011010000000
10011010001000
10011010010000
10011010011000
10011010100000
10011010101000
10011010110000
10011010111000
10011011000000
10011011001000
10011011010000
10011011011000
10011011100000
10011011101000
10011011110000
10011011111000
10011100000000
10011100001000
10011100010000
10011100011000
10011100100000
10011100101000
10011100110000
10011100111000
10011101000000
10011101001000
10011101010000
10011101011000
10011101100000
10011101101000
10011101110000
10011101111000
10011110000000
10011110001000
10011110010000
10011110011000
10011110100000
10011110101000
10011110110000
10011110111000
10011111000000
10011111001000
10011111010000
10011111011000
10011111100000
10011111101000
10011111110000
10011111111000
10100000000000
10100000000100
10100000001000
10100000001100
10100000010000
10100000011000
10100000011100
10100000100000
10100000100100
10100000101100
10100000110000
10100000111000
10100000111100
10100001000000
10100001000100
10100001001000
10100001001100
10100001011000
10100001011100
10100001100000
10100001100100
10100001101100
10100001110000
10100001111000
10100001111100
10100010000000
10100010000100
10100010001000
10100010001100
10100010010000
10100010011000
10100010011100
10100010100000
10100010100100
10100010101100
10100010110000
10100010111000
10100010111100
10100011000000
10100011000100
10100011001000
10100011001100
10100011010000
10100011011000
10100011011100
10100011100000
10100011100100
10100011101100
10100011110000
10100011111000
10100011111100
10100100000000
10100100000100
10100100001000
10100100001100
10100100010000
10100100011000
10100100011100
10100100100000
10100100100100
10100100101000
10100100101100
10100100110000
10100100111000
10100100111100
10100101000000
10100101000100
10100101001000
10100101001100
10100101010000
10100101011000
10100101011100
10100101100000
10100101100100
10100101101000
10100101101100
10100101110000
10100101111000
10100101111100
10100110000000
10100110000100
10100110001000
10100110001100
10100110010000
10100110011000
10100110011100
10100110100000
10100110100100
10100110101000
10100110101100
10100110110000
10100110111000
10100110111100
10100111000000
10100111000100
10100111001000
10100111001100
10100111010000
10100111011000
10100111011100
10100111100000
10100111100100
10100111101000
10100111101100
10100111110000
10100111111000
10100111111100
10101000000000
10101000000100
10101000001000
10101000001100
10101000010000
10101000010100
10101000011000
10101000011100
10101000100000
10101000100100
10101000101000
10101000101100
10101000110000
10101000110100
10101000111000
10101000111100
10101001000000
10101001000100
10101001001000
10101001001100
10101001010000
10101001011000
10101001011100
10101001100000
10101001100100
10101001101000
10101001101100
10101001110000
10101001110100
10101001111000
10101001111100
10101010000000
10101010000100
10101010001000
10101010001100
10101010010000
10101010010100
10101010011000
10101010011100
10101010100000
10101010100100
10101010101000
10101010101100
10101010110000
10101010110100
10101010111000
10101010111100
10101011000000
10101011000100
10101011001000
10101011001100
10101011010000
10101011010100
10101011011000
10101011011100
10101011100000
10101011100100
10101011101000
10101011101100
10101011110000
10101011110100
10101011111000
10101011111100
10101100000000
10101100000100
10101100001000
10101100001100
10101100010000
10101100010100
10101100011000
10101100011100
10101100100000
10101100100100
10101100101000
10101100101100
10101100110000
10101100110100
10101100111000
10101100111100
10101101000000
10101101000100
10101101001000
10101101001100
10101101010000
10101101010100
10101101011000
10101101011100
10101101100000
10101101100100
10101101101000
10101101101100
10101101110000
10101101110100
10101101111000
10101101111100
10101110000000
10101110000100
10101110001000
10101110001100
10101110010000
10101110010100
10101110011000
10101110011100
10101110100000
10101110100100
10101110101000
10101110101100
10101110110000
10101110110100
10101110111000
10101110111100
10101111000000
10101111000100
10101111001000
10101111001100
10101111010000
10101111010100
10101111011000
10101111011100
10101111100000
10101111100100
10101111101000
10101111101100
10101111110000
10101111110100
10101111111000
10101111111100
10110000000000
10110000000100
10110000001000
10110000001100
10110000010000
10110000010100
10110000011000
10110000011100
10110000100000
10110000100100
10110000101000
10110000110000
10110000110100
10110000111000
10110000111100
10110001000000
10110001000100
10110001001000
10110001001100
10110001010000
10110001010100
10110001011100
10110001100000
10110001100100
10110001101000
10110001110000
10110001110100
10110001111000
10110001111100
10110010000000
10110010000100
10110010001000
10110010001100
10110010010000
10110010010100
10110010011000
10110010011100
10110010100000
10110010100100
10110010101000
10110010110000
10110010110100
10110010111000
10110010111100
10110011000000
10110011000100
10110011001000
10110011001100
10110011010000
10110011010100
10110011011000
10110011011100
10110011100000
10110011100100
10110011101000
10110011110000
10110011110100
10110011111000
10110011111100
10110100000000
10110100000100
10110100001000
10110100001100
10110100010000
10110100010100
10110100011000
10110100011100
10110100100000
10110100100100
10110100101000
10110100101100
10110100110000
10110100110100
10110100111000
10110100111100
10110101000000
10110101000100
10110101001000
10110101001100
10110101010000
10110101010100
10110101011000
10110101011100
10110101100000
10110101100100
10110101101000
10110101101100
10110101110000
10110101110100
10110101111000
10110101111100
10110110000000
10110110000100
10110110001000
10110110001100
10110110010000
10110110010100
10110110011000
10110110011100
10110110100000
10110110100100
10110110101000
10110110101100
10110110110000
10110110110100
10110110111000
10110110111100
10110111000000
10110111000100
10110111001000
10110111001100
10110111010000
10110111010100
10110111011000
10110111011100
10110111100000
10110111100100
10110111101000
10110111101100
10110111110000
10110111110100
10110111111000
10110111111100
10111000000000
10111000000100
10111000001000
10111000001100
10111000010000
10111000010100
10111000011000
10111000011100
10111000100000
10111000100100
10111000101000
10111000101100
10111000110000
10111000110100
10111000111000
10111000111100
10111001000000
10111001000100
10111001001000
10111001001100
10111001010000
10111001010100
10111001011000
10111001100000
10111001100100
10111001101000
10111001101100
10111001110000
10111001110100
10111001111000
10111001111100
10111010000000
10111010000100
10111010001000
10111010001100
10111010010000
10111010010100
10111010011000
10111010011100
10111010100000
10111010100100
10111010101000
10111010101100
10111010110000
10111010110100
10111010111000
10111010111100
10111011000000
10111011000100
10111011001000
10111011001100
10111011010000
10111011010100
10111011011000
10111011011100
10111011100000
10111011100100
10111011101000
10111011101100
10111011110000
10111011110100
10111011111000
10111011111100
10111100000000
10111100000100
10111100001000
10111100001100
10111100010000
10111100010100
10111100011000
10111100011100
10111100100000
10111100100100
10111100101000
10111100101100
10111100110000
10111100110100
10111100111000
10111100111100
10111101000000
10111101000100
10111101001000
10111101001100
10111101010000
10111101010100
10111101011000
10111101011100
10111101100000
10111101100100
10111101101000
10111101101100
10111101110000
10111101110100
10111101111000
10111101111100
10111110000000
10111110000100
10111110001000
10111110001100
10111110010000
10111110010100
10111110011000
10111110011100
10111110100000
10111110100100
10111110101000
10111110101100
10111110110000
10111110110100
10111110111000
10111110111100
10111111000000
10111111000100
10111111001000
10111111001100
10111111010000
10111111010100
10111111011000
10111111011100
10111111100000
10111111100100
10111111101000
10111111101100
10111111110000
10111111110100
10111111111000
10111111111100
11000000000000
11000000000010
11000000000100
11000000001000
11000000001010
11000000010000
11000000010010
11000000010100
11000000011010
11000000100000
11000000100010
11000000100100
11000000101000
11000000101010
11000000110010
11000000110100
11000000111010
11000001000000
11000001000010
11000001000100
11000001001000
11000001001010
11000001010000
11000001010010
11000001010100
11000001011010
11000001100010
11000001100100
11000001101000
11000001101010
11000001110010
11000001110100
11000001111010
11000010000000
11000010000010
11000010000100
11000010001000
11000010001010
11000010010000
11000010010010
11000010010100
11000010011010
11000010100000
11000010100010
11000010100100
11000010101000
11000010101010
11000010110010
11000010110100
11000010111010
11000011000000
11000011000010
11000011000100
11000011001000
11000011001010
11000011010000
11000011010010
11000011010100
11000011011010
11000011100000
11000011100010
11000011100100
11000011101000
11000011101010
11000011110010
11000011110100
11000011111010
11000100000000
11000100000010
11000100000100
11000100001000
11000100001010
11000100010000
11000100010010
11000100010100
11000100011010
11000100100000
11000100100010
11000100100100
11000100101000
11000100101010
11000100110000
11000100110010
11000100110100
11000100111010
11000101000000
11000101000010
11000101000100
11000101001000
11000101001010
11000101010000
11000101010010
11000101010100
11000101011010
11000101100000
11000101100100
11000101101000
11000101101010
11000101110000
11000101110010
11000101110100
11000101111010
11000110000000
11000110000010
11000110000100
11000110001000
11000110001010
11000110010000
11000110010010
11000110010100
11000110011010
11000110100000
11000110100010
11000110100100
11000110101000
11000110101010
11000110110000
11000110110010
11000110110100
11000110111010
11000111000000
11000111000010
11000111000100
11000111001000
11000111001010
11000111010000
11000111010010
11000111010100
11000111011010
11000111100000
11000111100010
11000111100100
11000111101000
11000111101010
11000111110000
11000111110010
11000111110100
11000111111010
11001000000000
11001000000010
11001000000100
11001000001000
11001000001010
11001000010000
11001000010010
11001000010100
11001000011000
11001000011010
11001000100000
11001000100010
11001000100100
11001000101000
11001000101010
11001000110000
11001000110100
11001000111000
11001000111010
11001001000000
11001001000010
11001001000100
11001001001000
11001001001010
11001001010000
11001001010010
11001001010100
11001001011000
11001001011010
11001001100000
11001001100010
11001001101000
11001001101010
11001001110000
11001001110100
11001001111000
11001001111010
11001010000000
11001010000010
11001010000100
11001010001000
11001010001010
11001010010000
11001010010010
11001010010100
11001010011000
11001010011010
11001010100000
11001010100010
11001010100100
11001010101000
11001010101010
11001010110000
11001010110100
11001010111000
11001010111010
11001011000000
11001011000010
11001011000100
11001011001000
11001011001010
11001011010000
11001011010010
11001011010100
11001011011000
11001011011010
11001011100000
11001011100010
11001011100100
11001011101000
11001011101010
11001011110000
11001011110100
11001011111000
11001011111010
11001100000000
11001100000010
11001100000100
11001100001000
11001100001010
11001100010000
11001100010010
11001100010100
11001100011000
11001100011010
11001100100000
11001100100010
11001100100100
11001100101000
11001100101010
11001100110000
11001100110010
11001100110100
11001100111000
11001100111010
11001101000000
11001101000010
11001101000100
11001101001000
11001101001010
11001101010000
11001101010010
11001101010100
11001101011000
11001101011010
11001101100000
11001101100010
11001101100100
11001101101000
11001101101010
11001101110000
11001101110010
11001101110100
11001101111000
11001101111010
11001110000000
11001110000010
11001110000100
11001110001000
11001110001010
11001110010000
11001110010010
11001110010100
11001110011000
11001110011010
11001110100000
11001110100010
11001110100100
11001110101000
11001110101010
11001110110000
11001110110010
11001110110100
11001110111000
11001110111010
11001111000000
11001111000010
11001111000100
11001111001000
11001111001010
11001111010000
11001111010010
11001111010100
11001111011000
11001111011010
11001111100000
11001111100010
11001111100100
11001111101000
11001111101010
11001111110000
11001111110010
11001111110100
11001111111000
11001111111010
11010000000000
11010000000010
11010000000100
11010000001000
11010000001010
11010000001100
11010000010000
11010000010010
11010000010100
11010000011000
11010000011100
11010000100000
11010000100010
11010000100100
11010000101000
11010000101010
11010000101100
11010000110000
11010000110010
11010000111000
11010000111100
11010001000000
11010001000010
11010001000100
11010001001000
11010001001010
11010001001100
11010001010000
11010001010010
11010001010100
11010001011000
11010001011100
11010001100000
11010001100010
11010001100100
11010001101010
11010001101100
11010001110000
11010001110010
11010001111000
11010001111100
11010010000000
11010010000010
11010010000100
11010010001000
11010010001010
11010010001100
11010010010000
11010010010010
11010010010100
11010010011000
11010010011100
11010010100000
11010010100010
11010010100100
11010010101000
11010010101010
11010010101100
11010010110000
11010010110010
11010010111000
11010010111100
11010011000000
11010011000010
11010011000100
11010011001000
11010011001010
11010011001100
11010011010000
11010011010010
11010011010100
11010011011000
11010011011100
11010011100000
11010011100010
11010011100100
11010011101000
11010011101010
11010011101100
11010011110000
11010011110010
11010011111000
11010011111100
11010100000000
11010100000010
11010100000100
11010100001000
11010100001010
11010100001100
11010100010000
11010100010010
11010100010100
11010100011000
11010100011100
11010100100000
11010100100010
11010100100100
11010100101000
11010100101010
11010100101100
11010100110000
11010100110010
11010100110100
11010100111000
11010100111100
11010101000000
11010101000010
11010101000100
11010101001000
11010101001010
11010101001100
11010101010000
11010101010010
11010101010100
11010101011000
11010101011100
11010101100000
11010101100010
11010101100100
11010101101000
11010101101100
11010101110000
11010101110010
11010101110100
11010101111000
11010101111100
11010110000000
11010110000010
11010110000100
11010110001000
11010110001010
11010110001100
11010110010000
11010110010010
11010110010100
11010110011000
11010110011100
11010110100000
11010110100010
11010110100100
11010110101000
11010110101010
11010110101100
11010110110000
11010110110010
11010110110100
11010110111000
11010110111100
11010111000000
11010111000010
11010111000100
11010111001000
11010111001010
11010111001100
11010111010000
11010111010010
11010111010100
11010111011000
11010111011100
11010111100000
11010111100010
11010111100100
11010111101000
11010111101010
11010111101100
11010111110000
11010111110010
11010111110100
11010111111000
11010111111100
11011000000000
11011000000010
11011000000100
11011000001000
11011000001010
11011000001100
11011000010000
11011000010010
11011000010100
11011000011000
11011000011010
11011000011100
11011000100000
11011000100010
11011000100100
11011000101000
11011000101010
11011000101100
11011000110000
11011000110010
11011000110100
11011000111000
11011000111010
11011000111100
11011001000000
11011001000010
11011001000100
11011001001000
11011001001010
11011001001100
11011001010000
11011001010010
11011001010100
11011001011000
11011001011010
11011001011100
11011001100000
11011001100010
11011001100100
11011001101000
11011001101010
11011001110000
11011001110010
11011001110100
11011001111000
11011001111010
11011001111100
11011010000000
11011010000010
11011010000100
11011010001000
11011010001010
11011010001100
11011010010000
11011010010010
11011010010100
11011010011000
11011010011010
11011010011100
11011010100000
11011010100010
11011010100100
11011010101000
11011010101010
11011010101100
11011010110000
11011010110010
11011010110100
11011010111000
11011010111010
11011010111100
11011011000000
11011011000010
11011011000100
11011011001000
11011011001010
11011011001100
11011011010000
11011011010010
11011011010100
11011011011000
11011011011010
11011011011100
11011011100000
11011011100010
11011011100100
11011011101000
11011011101010
11011011101100
11011011110000
11011011110010
11011011110100
11011011111000
11011011111010
11011011111100
11011100000000
11011100000010
11011100000100
11011100001000
11011100001010
11011100001100
11011100010000
11011100010010
11011100010100
11011100011000
11011100011010
11011100011100
11011100100000
11011100100010
11011100100100
11011100101000
11011100101010
11011100101100
11011100110000
11011100110010
11011100110100
11011100111000
11011100111010
11011100111100
11011101000000
11011101000010
11011101000100
11011101001000
11011101001010
11011101001100
11011101010000
11011101010010
11011101010100
11011101011000
11011101011010
11011101011100
11011101100000
11011101100010
11011101100100
11011101101000
11011101101010
11011101101100
11011101110000
11011101110010
11011101110100
11011101111000
11011101111010
11011101111100
11011110000000
11011110000010
11011110000100
11011110001000
11011110001010
11011110001100
11011110010000
11011110010010
11011110010100
11011110011000
11011110011010
11011110011100
11011110100000
11011110100010
11011110100100
11011110101000
11011110101010
11011110101100
11011110110000
11011110110010
11011110110100
11011110111000
11011110111010
11011110111100
11011111000000
11011111000010
11011111000100
11011111001000
11011111001010
11011111001100
11011111010000
11011111010010
11011111010100
11011111011000
11011111011010
11011111011100
11011111100000
11011111100010
11011111100100
11011111101000
11011111101010
11011111101100
11011111110000
11011111110010
11011111110100
11011111111000
11011111111010
11011111111100
11100000000000
11100000000010
11100000000100
11100000000110
11100000001000
11100000001010
11100000001100
11100000010000
11100000010010
11100000010100
11100000010110
11100000011000
11100000011010
11100000100000
11100000100010
11100000100100
11100000100110
11100000101000
11100000101010
11100000101100
11100000110000
11100000110010
11100000110100
11100000110110
11100000111010
11100001000000
11100001000010
11100001000100
11100001000110
11100001001000
11100001001010
11100001001100
11100001010000
11100001010010
11100001010100
11100001010110
11100001011000
11100001011010
11100001100000
11100001100010
11100001100100
11100001100110
11100001101000
11100001101010
11100001101100
11100001110010
11100001110100
11100001110110
11100001111010
11100010000000
11100010000010
11100010000100
11100010000110
11100010001000
11100010001010
11100010001100
11100010010000
11100010010010
11100010010100
11100010010110
11100010011000
11100010011010
11100010100000
11100010100010
11100010100100
11100010100110
11100010101000
11100010101010
11100010101100
11100010110000
11100010110010
11100010110100
11100010110110
11100010111010
11100011000000
11100011000010
11100011000100
11100011000110
11100011001000
11100011001010
11100011001100
11100011010000
11100011010010
11100011010100
11100011010110
11100011011000
11100011011010
11100011100000
11100011100010
11100011100100
11100011100110
11100011101000
11100011101010
11100011101100
11100011110000
11100011110010
11100011110100
11100011110110
11100011111010
11100100000000
11100100000010
11100100000100
11100100000110
11100100001000
11100100001010
11100100001100
11100100010000
11100100010010
11100100010100
11100100010110
11100100011000
11100100011010
11100100100000
11100100100010
11100100100100
11100100100110
11100100101000
11100100101010
11100100101100
11100100110000
11100100110010
11100100110100
11100100110110
11100100111000
11100100111010
11100101000000
11100101000010
11100101000100
11100101000110
11100101001000
11100101001010
11100101001100
11100101010000
11100101010010
11100101010100
11100101010110
11100101011000
11100101011010
11100101100000
11100101100010
11100101100100
11100101100110
11100101101000
11100101101010
11100101101100
11100101110000
11100101110100
11100101110110
11100101111000
11100101111010
11100110000000
11100110000010
11100110000100
11100110000110
11100110001000
11100110001010
11100110001100
11100110010000
11100110010010
11100110010100
11100110010110
11100110011000
11100110011010
11100110100000
11100110100010
11100110100100
11100110100110
11100110101000
11100110101010
11100110101100
11100110110000
11100110110010
11100110110100
11100110110110
11100110111000
11100110111010
11100111000000
11100111000010
11100111000100
11100111000110
11100111001000
11100111001010
11100111001100
11100111010000
11100111010010
11100111010100
11100111010110
11100111011000
11100111011010
11100111100000
11100111100010
11100111100100
11100111100110
11100111101000
11100111101010
11100111101100
11100111110000
11100111110010
11100111110100
11100111110110
11100111111000
11100111111010
11101000000000
11101000000010
11101000000100
11101000000110
11101000001000
11101000001010
11101000001100
11101000010000
11101000010010
11101000010100
11101000010110
11101000011000
11101000011010
11101000011100
11101000100000
11101000100010
11101000100100
11101000100110
11101000101000
11101000101010
11101000101100
11101000110000
11101000110010
11101000110100
11101000110110
11101000111000
11101000111100
11101001000000
11101001000010
11101001000100
11101001000110
11101001001000
11101001001010
11101001001100
11101001010000
11101001010010
11101001010100
11101001010110
11101001011000
11101001011010
11101001011100
11101001100000
11101001100010
11101001100100
11101001100110
11101001101000
11101001101010
11101001101100
11101001110000
11101001110010
11101001110110
11101001111000
11101001111100
11101010000000
11101010000010
11101010000100
11101010000110
11101010001000
11101010001010
11101010001100
11101010010000
11101010010010
11101010010100
11101010010110
11101010011000
11101010011010
11101010011100
11101010100000
11101010100010
11101010100100
11101010100110
11101010101000
11101010101010
11101010101100
11101010110000
11101010110010
11101010110100
11101010110110
11101010111000
11101010111100
11101011000000
11101011000010
11101011000100
11101011000110
11101011001000
11101011001010
11101011001100
11101011010000
11101011010010
11101011010100
11101011010110
11101011011000
11101011011010
11101011011100
11101011100000
11101011100010
11101011100100
11101011100110
11101011101000
11101011101010
11101011101100
11101011110000
11101011110010
11101011110100
11101011110110
11101011111000
11101011111100
11101100000000
11101100000010
11101100000100
11101100000110
11101100001000
11101100001010
11101100001100
11101100010000
11101100010010
11101100010100
11101100010110
11101100011000
11101100011010
11101100011100
11101100100000
11101100100010
11101100100100
11101100100110
11101100101000
11101100101010
11101100101100
11101100110000
11101100110010
11101100110100
11101100110110
11101100111000
11101100111010
11101100111100
11101101000000
11101101000010
11101101000100
11101101000110
11101101001000
11101101001010
11101101001100
11101101010000
11101101010010
11101101010100
11101101010110
11101101011000
11101101011010
11101101011100
11101101100000
11101101100010
11101101100100
11101101100110
11101101101000
11101101101010
11101101101100
11101101110000
11101101110010
11101101110100
11101101111000
11101101111010
11101101111100
11101110000000
11101110000010
11101110000100
11101110000110
11101110001000
11101110001010
11101110001100
11101110010000
11101110010010
11101110010100
11101110010110
11101110011000
11101110011010
11101110011100
11101110100000
11101110100010
11101110100100
11101110100110
11101110101000
11101110101010
11101110101100
11101110110000
11101110110010
11101110110100
11101110110110
11101110111000
11101110111010
11101110111100
11101111000000
11101111000010
11101111000100
11101111000110
11101111001000
11101111001010
11101111001100
11101111010000
11101111010010
11101111010100
11101111010110
11101111011000
11101111011010
11101111011100
11101111100000
11101111100010
11101111100100
11101111100110
11101111101000
11101111101010
11101111101100
11101111110000
11101111110010
11101111110100
11101111110110
11101111111000
11101111111010
11101111111100
11110000000000
11110000000010
11110000000100
11110000000110
11110000001000
11110000001010
11110000001100
11110000001110
11110000010000
11110000010010
11110000010100
11110000010110
11110000011000
11110000011010
11110000011100
11110000100000
11110000100010
11110000100100
11110000100110
11110000101000
11110000101010
11110000101100
11110000101110
11110000110000
11110000110010
11110000110100
11110000110110
11110000111000
11110000111010
11110001000000
11110001000010
11110001000100
11110001000110
11110001001000
11110001001010
11110001001100
11110001001110
11110001010000
11110001010010
11110001010100
11110001010110
11110001011000
11110001011010
11110001011100
11110001100000
11110001100010
11110001100100
11110001100110
11110001101000
11110001101010
11110001101100
11110001101110
11110001110000
11110001110010
11110001110100
11110001110110
11110001111010
11110010000000
11110010000010
11110010000100
11110010000110
11110010001000
11110010001010
11110010001100
11110010001110
11110010010000
11110010010010
11110010010100
11110010010110
11110010011000
11110010011010
11110010011100
11110010100000
11110010100010
11110010100100
11110010100110
11110010101000
11110010101010
11110010101100
11110010101110
11110010110000
11110010110010
11110010110100
11110010110110
11110010111000
11110010111010
11110011000000
11110011000010
11110011000100
11110011000110
11110011001000
11110011001010
11110011001100
11110011001110
11110011010000
11110011010010
11110011010100
11110011010110
11110011011000
11110011011010
11110011011100
11110011100000
11110011100010
11110011100100
11110011100110
11110011101000
11110011101010
11110011101100
11110011101110
11110011110000
11110011110010
11110011110100
11110011110110
11110011111000
11110011111010
11110100000000
11110100000010
11110100000100
11110100000110
11110100001000
11110100001010
11110100001100
11110100001110
11110100010000
11110100010010
11110100010100
11110100010110
11110100011000
11110100011010
11110100011100
11110100100000
11110100100010
11110100100100
11110100100110
11110100101000
11110100101010
11110100101100
11110100101110
11110100110000
11110100110010
11110100110100
11110100110110
11110100111000
11110100111010
11110100111100
11110101000000
11110101000010
11110101000100
11110101000110
11110101001000
11110101001010
11110101001100
11110101001110
11110101010000
11110101010010
11110101010100
11110101010110
11110101011000
11110101011010
11110101011100
11110101100000
11110101100010
11110101100100
11110101100110
11110101101000
11110101101010
11110101101100
11110101101110
11110101110000
11110101110010
11110101110100
11110101110110
11110101111000
11110101111100
11110110000000
11110110000010
11110110000100
11110110000110
11110110001000
11110110001010
11110110001100
11110110001110
11110110010000
11110110010010
11110110010100
11110110010110
11110110011000
11110110011010
11110110011100
11110110100000
11110110100010
11110110100100
11110110100110
11110110101000
11110110101010
11110110101100
11110110101110
11110110110000
11110110110010
11110110110100
11110110110110
11110110111000
11110110111010
11110110111100
11110111000000
11110111000010
11110111000100
11110111000110
11110111001000
11110111001010
11110111001100
11110111001110
11110111010000
11110111010010
11110111010100
11110111010110
11110111011000
11110111011010
11110111011100
11110111100000
11110111100010
11110111100100
11110111100110
11110111101000
11110111101010
11110111101100
11110111101110
11110111110000
11110111110010
11110111110100
11110111110110
11110111111000
11110111111010
11110111111100
11111000000000
11111000000010
11111000000100
11111000000110
11111000001000
11111000001010
11111000001100
11111000001110
11111000010000
11111000010010
11111000010100
11111000010110
11111000011000
11111000011010
11111000011100
11111000011110
11111000100000
11111000100010
11111000100100
11111000100110
11111000101000
11111000101010
11111000101100
11111000101110
11111000110000
11111000110010
11111000110100
11111000110110
11111000111000
11111000111010
11111000111100
11111001000000
11111001000010
11111001000100
11111001000110
11111001001000
11111001001010
11111001001100
11111001001110
11111001010000
11111001010010
11111001010100
11111001010110
11111001011000
11111001011010
11111001011100
11111001011110
11111001100000
11111001100010
11111001100100
11111001100110
11111001101000
11111001101010
11111001101100
11111001101110
11111001110000
11111001110010
11111001110100
11111001110110
11111001111000
11111001111010
11111010000000
11111010000010
11111010000100
11111010000110
11111010001000
11111010001010
11111010001100
11111010001110
11111010010000
11111010010010
11111010010100
11111010010110
11111010011000
11111010011010
11111010011100
11111010011110
11111010100000
11111010100010
11111010100100
11111010100110
11111010101000
11111010101010
11111010101100
11111010101110
11111010110000
11111010110010
11111010110100
11111010110110
11111010111000
11111010111010
11111010111100
11111011000000
11111011000010
11111011000100
11111011000110
11111011001000
11111011001010
11111011001100
11111011001110
11111011010000
11111011010010
11111011010100
11111011010110
11111011011000
11111011011010
11111011011100
11111011011110
11111011100000
11111011100010
11111011100100
11111011100110
11111011101000
11111011101010
11111011101100
11111011101110
11111011110000
11111011110010
11111011110100
11111011110110
11111011111000
11111011111010
11111011111100
11111100000000
11111100000010
11111100000100
11111100000110
11111100001000
11111100001010
11111100001100
11111100001110
11111100010000
11111100010010
11111100010100
11111100010110
11111100011000
11111100011010
11111100011100
11111100011110
11111100100000
11111100100010
11111100100100
11111100100110
11111100101000
11111100101010
11111100101100
11111100101110
11111100110000
11111100110010
11111100110100
11111100110110
11111100111000
11111100111010
11111100111100
11111100111110
11111101000000
11111101000010
11111101000100
11111101000110
11111101001000
11111101001010
11111101001100
11111101001110
11111101010000
11111101010010
11111101010100
11111101010110
11111101011000
11111101011010
11111101011100
11111101011110
11111101100000
11111101100010
11111101100100
11111101100110
11111101101000
11111101101010
11111101101100
11111101101110
11111101110000
11111101110010
11111101110100
11111101110110
11111101111000
11111101111010
11111101111100
11111110000000
11111110000010
11111110000100
11111110000110
11111110001000
11111110001010
11111110001100
11111110001110
11111110010000
11111110010010
11111110010100
11111110010110
11111110011000
11111110011010
11111110011100
11111110011110
11111110100000
11111110100010
11111110100100
11111110100110
11111110101000
11111110101010
11111110101100
11111110101110
11111110110000
11111110110010
11111110110100
11111110110110
11111110111000
11111110111010
11111110111100
11111110111110
11111111000000
11111111000010
11111111000100
11111111000110
11111111001000
11111111001010
11111111001100
11111111001110
11111111010000
11111111010010
11111111010100
11111111010110
11111111011000
11111111011010
11111111011100
11111111011110
11111111100000
11111111100010
11111111100100
11111111100110
11111111101000
11111111101010
11111111101100
11111111101110
11111111110000
11111111110010
11111111110100
11111111110110
11111111111000
11111111111010
11111111111100
11111111111110
